H;10369661000223;20160501;20160501
V;10369661000142;48539407009840;12;;;0;H;20160501
V;10369661000142;48539407009840;12;;;0;H;20160502
V;10369661000142;48539407009840;12;;;0;H;20160503
V;10369661000142;48539407009840;12;;;0;H;20160504
V;10369661000142;48539407009840;12;;;0;H;20160505
V;10369661000142;48539407009840;13;;;4;H;20160501
V;10369661000142;48539407009840;13;;;4;H;20160502
V;10369661000142;48539407009840;13;;;4;H;20160503
V;10369661000142;48539407009840;13;;;4;H;20160504
V;10369661000142;48539407009840;13;;;4;H;20160505
V;10369661000142;48539407009840;17;;;0;H;20160501
V;10369661000142;48539407009840;17;;;0;H;20160502
V;10369661000142;48539407009840;17;;;0;H;20160503
V;10369661000142;48539407009840;17;;;0;H;20160504
V;10369661000142;48539407009840;17;;;0;H;20160505
V;10369661000142;48539407009840;24;;;0;H;20160501
V;10369661000142;48539407009840;24;;;0;H;20160502
V;10369661000142;48539407009840;24;;;0;H;20160503
V;10369661000142;48539407009840;24;;;0;H;20160504
V;10369661000142;48539407009840;24;;;0;H;20160505
V;10369661000142;48539407009840;25;;;0;H;20160501
V;10369661000142;48539407009840;25;;;0;H;20160502
V;10369661000142;48539407009840;25;;;0;H;20160503
V;10369661000142;48539407009840;25;;;0;H;20160504
V;10369661000142;48539407009840;25;;;0;H;20160505
V;10369661000142;48539407009840;26;;;4;H;20160501
V;10369661000142;48539407009840;26;;;4;H;20160502
V;10369661000142;48539407009840;26;;;4;H;20160503
V;10369661000142;48539407009840;26;;;4;H;20160504
V;10369661000142;48539407009840;26;;;4;H;20160505
V;10369661000142;48539407009840;27;;;0;H;20160501
V;10369661000142;48539407009840;27;;;0;H;20160502
V;10369661000142;48539407009840;27;;;0;H;20160503
V;10369661000142;48539407009840;27;;;0;H;20160504
V;10369661000142;48539407009840;27;;;0;H;20160505
V;10369661000142;48539407009840;28;;;0;H;20160501
V;10369661000142;48539407009840;28;;;0;H;20160502
V;10369661000142;48539407009840;28;;;0;H;20160503
V;10369661000142;48539407009840;28;;;0;H;20160504
V;10369661000142;48539407009840;28;;;0;H;20160505
V;10369661000142;48539407009840;29;;;0;H;20160501
V;10369661000142;48539407009840;29;;;0;H;20160502
V;10369661000142;48539407009840;29;;;0;H;20160503
V;10369661000142;48539407009840;29;;;0;H;20160504
V;10369661000142;48539407009840;29;;;0;H;20160505
V;10369661000142;48539407009840;30;;;47;H;20160501
V;10369661000142;48539407009840;30;;;47;H;20160502
V;10369661000142;48539407009840;30;;;47;H;20160503
V;10369661000142;48539407009840;30;;;47;H;20160504
V;10369661000142;48539407009840;30;;;47;H;20160505
V;10369661000142;48539407009840;31;;;0;H;20160501
V;10369661000142;48539407009840;31;;;0;H;20160502
V;10369661000142;48539407009840;31;;;0;H;20160503
V;10369661000142;48539407009840;31;;;0;H;20160504
V;10369661000142;48539407009840;31;;;0;H;20160505
V;10369661000142;47180625002190;32;;;15;H;20160501
V;10369661000142;47180625002190;32;;;15;H;20160502
V;10369661000142;47180625002190;32;;;15;H;20160503
V;10369661000142;47180625002190;32;;;15;H;20160504
V;10369661000142;47180625002190;32;;;15;H;20160505
V;10369661000142;47180625002190;32;;;38;H;20160501
V;10369661000142;47180625002190;32;;;38;H;20160502
V;10369661000142;47180625002190;32;;;38;H;20160503
V;10369661000142;47180625002190;32;;;38;H;20160504
V;10369661000142;47180625002190;32;;;38;H;20160505
V;10369661000142;48539407009840;33;;;6;H;20160501
V;10369661000142;48539407009840;33;;;6;H;20160502
V;10369661000142;48539407009840;33;;;6;H;20160503
V;10369661000142;48539407009840;33;;;6;H;20160504
V;10369661000142;48539407009840;33;;;6;H;20160505
V;10369661000142;48539407009840;34;;;460;H;20160501
V;10369661000142;48539407009840;34;;;460;H;20160502
V;10369661000142;48539407009840;34;;;460;H;20160503
V;10369661000142;48539407009840;34;;;460;H;20160504
V;10369661000142;48539407009840;35;;;0;H;20160501
V;10369661000142;48539407009840;35;;;0;H;20160502
V;10369661000142;48539407009840;35;;;0;H;20160503
V;10369661000142;48539407009840;35;;;0;H;20160504
V;10369661000142;48539407009840;35;;;0;H;20160505
V;10369661000142;48539407009840;36;;;0;H;20160501
V;10369661000142;48539407009840;36;;;0;H;20160502
V;10369661000142;48539407009840;36;;;0;H;20160503
V;10369661000142;48539407009840;36;;;0;H;20160504
V;10369661000142;48539407009840;36;;;0;H;20160505
V;10369661000142;48539407009840;37;;;4;H;20160501
V;10369661000142;48539407009840;37;;;4;H;20160502
V;10369661000142;48539407009840;37;;;4;H;20160503
V;10369661000142;48539407009840;37;;;4;H;20160504
V;10369661000142;48539407009840;37;;;4;H;20160505
V;10369661000142;48539407009840;37;;;5;H;20160501
V;10369661000142;48539407009840;37;;;5;H;20160502
V;10369661000142;48539407009840;37;;;5;H;20160503
V;10369661000142;48539407009840;37;;;5;H;20160504
V;10369661000142;48539407009840;37;;;5;H;20160505
V;10369661000142;48539407009840;38;;;72;H;20160501
V;10369661000142;48539407009840;38;;;72;H;20160502
V;10369661000142;48539407009840;38;;;72;H;20160503
V;10369661000142;48539407009840;38;;;72;H;20160504
V;10369661000142;48539407009840;38;;;72;H;20160505
V;10369661000142;48539407009840;39;;;0;H;20160501
V;10369661000142;48539407009840;39;;;0;H;20160502
V;10369661000142;48539407009840;39;;;0;H;20160503
V;10369661000142;48539407009840;39;;;0;H;20160504
V;10369661000142;48539407009840;39;;;0;H;20160505
V;10369661000142;18459628002088;40;;;552;H;20160501
V;10369661000142;18459628002088;40;;;552;H;20160502
V;10369661000142;18459628002088;40;;;552;H;20160503
V;10369661000142;18459628002088;40;;;552;H;20160504
V;10369661000142;18459628002088;40;;;552;H;20160505
V;10369661000142;18459628002088;40;;;972;H;20160501
V;10369661000142;18459628002088;40;;;972;H;20160502
V;10369661000142;18459628002088;40;;;972;H;20160503
V;10369661000142;18459628002088;40;;;972;H;20160504
V;10369661000142;18459628002088;40;;;972;H;20160505
V;10369661000142;48539407009840;41;;;0;H;20160501
V;10369661000142;48539407009840;41;;;0;H;20160502
V;10369661000142;48539407009840;41;;;0;H;20160503
V;10369661000142;48539407009840;41;;;0;H;20160504
V;10369661000142;48539407009840;41;;;0;H;20160505
V;10369661000142;48539407009840;42;;;34;H;20160501
V;10369661000142;48539407009840;42;;;34;H;20160502
V;10369661000142;48539407009840;42;;;34;H;20160503
V;10369661000142;48539407009840;42;;;34;H;20160504
V;10369661000142;48539407009840;42;;;34;H;20160505
V;10369661000142;48539407009840;43;;;81;H;20160501
V;10369661000142;48539407009840;43;;;81;H;20160502
V;10369661000142;48539407009840;43;;;81;H;20160503
V;10369661000142;48539407009840;43;;;81;H;20160504
V;10369661000142;48539407009840;43;;;81;H;20160505
V;10369661000142;48539407009840;44;;;24;H;20160501
V;10369661000142;48539407009840;44;;;24;H;20160502
V;10369661000142;48539407009840;44;;;24;H;20160503
V;10369661000142;48539407009840;44;;;24;H;20160504
V;10369661000142;48539407009840;44;;;24;H;20160505
V;10369661000142;48539407009840;45;;;0;H;20160501
V;10369661000142;48539407009840;45;;;0;H;20160502
V;10369661000142;48539407009840;45;;;0;H;20160503
V;10369661000142;48539407009840;45;;;0;H;20160504
V;10369661000142;48539407009840;45;;;0;H;20160505
V;10369661000142;48539407009840;46;;;0;H;20160501
V;10369661000142;48539407009840;46;;;0;H;20160502
V;10369661000142;48539407009840;46;;;0;H;20160503
V;10369661000142;48539407009840;46;;;0;H;20160504
V;10369661000142;48539407009840;46;;;0;H;20160505
V;10369661000142;48539407009840;47;;;0;H;20160501
V;10369661000142;48539407009840;47;;;0;H;20160502
V;10369661000142;48539407009840;47;;;0;H;20160503
V;10369661000142;48539407009840;47;;;0;H;20160504
V;10369661000142;48539407009840;47;;;0;H;20160505
V;10369661000142;18459628002088;48;;;11;H;20160501
V;10369661000142;18459628002088;48;;;11;H;20160502
V;10369661000142;18459628002088;48;;;11;H;20160503
V;10369661000142;18459628002088;48;;;11;H;20160504
V;10369661000142;18459628002088;48;;;11;H;20160505
V;10369661000142;18459628002088;49;;;9;H;20160501
V;10369661000142;18459628002088;49;;;9;H;20160502
V;10369661000142;18459628002088;49;;;9;H;20160503
V;10369661000142;18459628002088;49;;;9;H;20160504
V;10369661000142;18459628002088;49;;;9;H;20160505
V;10369661000142;18459628002088;49;;;35;H;20160501
V;10369661000142;18459628002088;49;;;35;H;20160502
V;10369661000142;18459628002088;49;;;35;H;20160503
V;10369661000142;18459628002088;49;;;35;H;20160504
V;10369661000142;18459628002088;49;;;35;H;20160505
V;10369661000142;18459628002088;50;;;5;H;20160501
V;10369661000142;18459628002088;50;;;5;H;20160502
V;10369661000142;18459628002088;50;;;5;H;20160503
V;10369661000142;18459628002088;50;;;5;H;20160504
V;10369661000142;18459628002088;50;;;5;H;20160505
V;10369661000142;18459628002088;50;;;2;H;20160501
V;10369661000142;18459628002088;50;;;2;H;20160502
V;10369661000142;18459628002088;50;;;2;H;20160503
V;10369661000142;18459628002088;50;;;2;H;20160504
V;10369661000142;18459628002088;50;;;2;H;20160505
V;10369661000142;18459628002088;51;;;38;H;20160501
V;10369661000142;18459628002088;51;;;38;H;20160502
V;10369661000142;18459628002088;51;;;38;H;20160503
V;10369661000142;18459628002088;51;;;38;H;20160504
V;10369661000142;18459628002088;51;;;38;H;20160505
V;10369661000142;18459628002088;51;;;1;H;20160501
V;10369661000142;18459628002088;51;;;1;H;20160502
V;10369661000142;18459628002088;51;;;1;H;20160503
V;10369661000142;18459628002088;51;;;1;H;20160504
V;10369661000142;18459628002088;51;;;1;H;20160505
V;10369661000142;18459628002088;52;;;16;H;20160501
V;10369661000142;18459628002088;52;;;16;H;20160502
V;10369661000142;18459628002088;52;;;16;H;20160503
V;10369661000142;18459628002088;52;;;16;H;20160504
V;10369661000142;18459628002088;52;;;16;H;20160505
V;10369661000142;18459628002088;53;;;0;H;20160501
V;10369661000142;18459628002088;53;;;0;H;20160502
V;10369661000142;18459628002088;53;;;0;H;20160503
V;10369661000142;18459628002088;53;;;0;H;20160504
V;10369661000142;18459628002088;53;;;0;H;20160505
V;10369661000142;18459628002088;55;;;6;H;20160501
V;10369661000142;18459628002088;55;;;6;H;20160502
V;10369661000142;18459628002088;55;;;6;H;20160503
V;10369661000142;18459628002088;55;;;6;H;20160504
V;10369661000142;18459628002088;55;;;6;H;20160505
V;10369661000142;18459628002088;55;;;0;H;20160501
V;10369661000142;18459628002088;55;;;0;H;20160502
V;10369661000142;18459628002088;55;;;0;H;20160503
V;10369661000142;18459628002088;55;;;0;H;20160504
V;10369661000142;18459628002088;55;;;0;H;20160505
V;10369661000142;18459628002088;56;;;73;H;20160501
V;10369661000142;18459628002088;56;;;73;H;20160502
V;10369661000142;18459628002088;56;;;73;H;20160503
V;10369661000142;18459628002088;56;;;73;H;20160504
V;10369661000142;18459628002088;56;;;73;H;20160505
V;10369661000142;18459628002088;56;;;13;H;20160501
V;10369661000142;18459628002088;56;;;13;H;20160502
V;10369661000142;18459628002088;56;;;13;H;20160503
V;10369661000142;18459628002088;56;;;13;H;20160504
V;10369661000142;18459628002088;56;;;13;H;20160505
V;10369661000142;18459628002088;57;;;24;H;20160501
V;10369661000142;18459628002088;57;;;24;H;20160502
V;10369661000142;18459628002088;57;;;24;H;20160503
V;10369661000142;18459628002088;57;;;24;H;20160504
V;10369661000142;18459628002088;57;;;24;H;20160505
V;10369661000142;18459628002088;58;;;34;H;20160501
V;10369661000142;18459628002088;58;;;34;H;20160502
V;10369661000142;18459628002088;58;;;34;H;20160503
V;10369661000142;18459628002088;58;;;34;H;20160504
V;10369661000142;18459628002088;58;;;34;H;20160505
V;10369661000142;18459628002088;58;;;468;H;20160501
V;10369661000142;18459628002088;58;;;468;H;20160502
V;10369661000142;18459628002088;58;;;468;H;20160503
V;10369661000142;18459628002088;58;;;468;H;20160504
V;10369661000142;18459628002088;58;;;468;H;20160505
V;10369661000142;18459628002088;59;;;0;H;20160501
V;10369661000142;18459628002088;59;;;0;H;20160502
V;10369661000142;18459628002088;59;;;0;H;20160503
V;10369661000142;18459628002088;59;;;0;H;20160504
V;10369661000142;18459628002088;59;;;0;H;20160505
V;10369661000142;18459628002088;61;;;0;H;20160501
V;10369661000142;18459628002088;61;;;0;H;20160502
V;10369661000142;18459628002088;61;;;0;H;20160503
V;10369661000142;18459628002088;61;;;0;H;20160504
V;10369661000142;18459628002088;61;;;0;H;20160505
V;10369661000142;18459628002088;65;;;0;H;20160501
V;10369661000142;18459628002088;65;;;0;H;20160502
V;10369661000142;18459628002088;65;;;0;H;20160503
V;10369661000142;18459628002088;65;;;0;H;20160504
V;10369661000142;18459628002088;65;;;0;H;20160505
V;10369661000142;08789294000194;66;;;200;H;20160501
V;10369661000142;08789294000194;66;;;200;H;20160502
V;10369661000142;08789294000194;66;;;200;H;20160503
V;10369661000142;08789294000194;66;;;200;H;20160504
V;10369661000142;08789294000194;66;;;200;H;20160505
V;10369661000142;18459628002088;67;;;0;H;20160501
V;10369661000142;18459628002088;67;;;0;H;20160502
V;10369661000142;18459628002088;67;;;0;H;20160503
V;10369661000142;18459628002088;67;;;0;H;20160504
V;10369661000142;18459628002088;67;;;0;H;20160505
V;10369661000142;18459628002088;68;;;0;H;20160501
V;10369661000142;18459628002088;68;;;0;H;20160502
V;10369661000142;18459628002088;68;;;0;H;20160503
V;10369661000142;18459628002088;68;;;0;H;20160504
V;10369661000142;18459628002088;68;;;0;H;20160505
V;10369661000142;60744463001080;69;;;10;H;20160501
V;10369661000142;60744463001080;69;;;10;H;20160502
V;10369661000142;60744463001080;69;;;10;H;20160503
V;10369661000142;60744463001080;69;;;10;H;20160504
V;10369661000142;60744463001080;69;;;10;H;20160505
V;10369661000142;07467822000126;70;;;234;H;20160501
V;10369661000142;07467822000126;70;;;234;H;20160502
V;10369661000142;07467822000126;70;;;234;H;20160503
V;10369661000142;07467822000126;70;;;234;H;20160504
V;10369661000142;07467822000126;70;;;233;H;20160505
V;10369661000142;07467822000126;71;;;1839;H;20160501
V;10369661000142;07467822000126;71;;;1839;H;20160502
V;10369661000142;07467822000126;71;;;1839;H;20160503
V;10369661000142;07467822000126;71;;;1839;H;20160504
V;10369661000142;07467822000126;71;;;1839;H;20160505
V;10369661000142;07467822000126;72;;;59;H;20160501
V;10369661000142;07467822000126;72;;;59;H;20160502
V;10369661000142;07467822000126;72;;;58;H;20160503
V;10369661000142;07467822000126;72;;;58;H;20160504
V;10369661000142;07467822000126;72;;;58;H;20160505
V;10369661000142;07467822000126;73;;;711;H;20160501
V;10369661000142;07467822000126;73;;;711;H;20160502
V;10369661000142;07467822000126;73;;;708;H;20160503
V;10369661000142;07467822000126;73;;;707;H;20160504
V;10369661000142;18459628002088;74;;;0;H;20160501
V;10369661000142;18459628002088;74;;;0;H;20160502
V;10369661000142;18459628002088;74;;;0;H;20160503
V;10369661000142;18459628002088;74;;;0;H;20160504
V;10369661000142;18459628002088;74;;;0;H;20160505
V;10369661000142;18459628002088;75;;;0;H;20160501
V;10369661000142;18459628002088;75;;;0;H;20160502
V;10369661000142;18459628002088;75;;;0;H;20160503
V;10369661000142;18459628002088;75;;;0;H;20160504
V;10369661000142;18459628002088;75;;;0;H;20160505
V;10369661000142;18459628002088;76;;;4;H;20160501
V;10369661000142;18459628002088;76;;;4;H;20160502
V;10369661000142;18459628002088;76;;;4;H;20160503
V;10369661000142;18459628002088;76;;;4;H;20160504
V;10369661000142;18459628002088;76;;;4;H;20160505
V;10369661000142;18459628002088;76;;;0;H;20160501
V;10369661000142;18459628002088;76;;;0;H;20160502
V;10369661000142;18459628002088;76;;;0;H;20160503
V;10369661000142;18459628002088;76;;;0;H;20160504
V;10369661000142;18459628002088;76;;;0;H;20160505
V;10369661000142;18459628002088;77;;;0;H;20160501
V;10369661000142;18459628002088;77;;;0;H;20160502
V;10369661000142;18459628002088;77;;;0;H;20160503
V;10369661000142;18459628002088;77;;;0;H;20160504
V;10369661000142;18459628002088;77;;;0;H;20160505
V;10369661000142;18459628002088;78;;;322;H;20160501
V;10369661000142;18459628002088;78;;;322;H;20160502
V;10369661000142;18459628002088;78;;;322;H;20160503
V;10369661000142;18459628002088;78;;;322;H;20160504
V;10369661000142;18459628002088;78;;;322;H;20160505
V;10369661000142;18459628002088;79;;;0;H;20160501
V;10369661000142;18459628002088;79;;;0;H;20160502
V;10369661000142;18459628002088;79;;;0;H;20160503
V;10369661000142;18459628002088;79;;;0;H;20160504
V;10369661000142;18459628002088;79;;;0;H;20160505
V;10369661000142;18459628002088;79;;;280;H;20160501
V;10369661000142;18459628002088;79;;;280;H;20160502
V;10369661000142;18459628002088;79;;;280;H;20160503
V;10369661000142;18459628002088;79;;;280;H;20160504
V;10369661000142;18459628002088;79;;;280;H;20160505
V;10369661000142;18459628002088;80;;;0;H;20160501
V;10369661000142;18459628002088;80;;;0;H;20160502
V;10369661000142;18459628002088;80;;;0;H;20160503
V;10369661000142;18459628002088;80;;;0;H;20160504
V;10369661000142;18459628002088;80;;;0;H;20160505
V;10369661000142;64858525000226;81;;;989;H;20160501
V;10369661000142;64858525000226;81;;;989;H;20160502
V;10369661000142;64858525000226;81;;;989;H;20160503
V;10369661000142;64858525000226;81;;;981;H;20160504
V;10369661000142;64858525000226;81;;;873;H;20160505
V;10369661000142;64858525000226;82;;;78;H;20160501
V;10369661000142;64858525000226;82;;;78;H;20160502
V;10369661000142;64858525000226;82;;;78;H;20160503
V;10369661000142;64858525000226;82;;;78;H;20160504
V;10369661000142;64858525000226;82;;;78;H;20160505
V;10369661000142;64858525000226;82;;;96;H;20160501
V;10369661000142;64858525000226;82;;;96;H;20160502
V;10369661000142;64858525000226;82;;;96;H;20160503
V;10369661000142;64858525000226;82;;;96;H;20160504
V;10369661000142;64858525000226;82;;;96;H;20160505
V;10369661000142;64858525000226;83;;;99;H;20160501
V;10369661000142;64858525000226;83;;;99;H;20160502
V;10369661000142;64858525000226;83;;;99;H;20160503
V;10369661000142;64858525000226;83;;;99;H;20160504
V;10369661000142;64858525000226;83;;;99;H;20160505
V;10369661000142;64858525000226;83;;;74;H;20160501
V;10369661000142;64858525000226;83;;;74;H;20160502
V;10369661000142;64858525000226;83;;;74;H;20160503
V;10369661000142;64858525000226;83;;;74;H;20160504
V;10369661000142;64858525000226;83;;;74;H;20160505
V;10369661000142;64858525000226;84;;;0;H;20160501
V;10369661000142;64858525000226;84;;;0;H;20160502
V;10369661000142;64858525000226;84;;;0;H;20160503
V;10369661000142;64858525000226;84;;;0;H;20160504
V;10369661000142;64858525000226;84;;;0;H;20160505
V;10369661000142;64858525000226;85;;;0;H;20160501
V;10369661000142;64858525000226;85;;;0;H;20160502
V;10369661000142;64858525000226;85;;;0;H;20160503
V;10369661000142;64858525000226;85;;;0;H;20160504
V;10369661000142;64858525000226;85;;;0;H;20160505
V;10369661000142;64858525000226;86;;;0;H;20160501
V;10369661000142;64858525000226;86;;;0;H;20160502
V;10369661000142;64858525000226;86;;;0;H;20160503
V;10369661000142;64858525000226;86;;;0;H;20160504
V;10369661000142;64858525000226;86;;;0;H;20160505
V;10369661000142;07467822000126;87;;;2968;H;20160501
V;10369661000142;07467822000126;87;;;2968;H;20160502
V;10369661000142;07467822000126;87;;;2968;H;20160503
V;10369661000142;07467822000126;87;;;2968;H;20160504
V;10369661000142;07467822000126;87;;;2968;H;20160505
V;10369661000142;07467822000126;87;;;7836;H;20160501
V;10369661000142;07467822000126;87;;;7836;H;20160502
V;10369661000142;07467822000126;87;;;7836;H;20160503
V;10369661000142;07467822000126;87;;;7836;H;20160504
V;10369661000142;07467822000126;87;;;7836;H;20160505
V;10369661000142;07467822000126;88;;;470;H;20160501
V;10369661000142;07467822000126;88;;;470;H;20160502
V;10369661000142;07467822000126;88;;;470;H;20160503
V;10369661000142;07467822000126;88;;;470;H;20160504
V;10369661000142;18459628002088;91;;;207;H;20160501
V;10369661000142;18459628002088;91;;;207;H;20160502
V;10369661000142;18459628002088;91;;;207;H;20160503
V;10369661000142;18459628002088;91;;;207;H;20160504
V;10369661000142;18459628002088;91;;;207;H;20160505
V;10369661000142;18459628002088;91;;;0;H;20160501
V;10369661000142;18459628002088;91;;;0;H;20160502
V;10369661000142;18459628002088;91;;;0;H;20160503
V;10369661000142;18459628002088;91;;;0;H;20160504
V;10369661000142;18459628002088;91;;;0;H;20160505
V;10369661000142;60744463001080;92;;;0;H;20160501
V;10369661000142;60744463001080;92;;;0;H;20160502
V;10369661000142;60744463001080;92;;;0;H;20160503
V;10369661000142;60744463001080;92;;;0;H;20160504
V;10369661000142;60744463001080;92;;;0;H;20160505
V;10369661000142;07467822000126;93;;;577;H;20160501
V;10369661000142;07467822000126;93;;;577;H;20160502
V;10369661000142;07467822000126;93;;;528;H;20160503
V;10369661000142;07467822000126;93;;;528;H;20160504
V;10369661000142;07467822000126;93;;;528;H;20160505
V;10369661000142;07467822000126;94;;;0;H;20160501
V;10369661000142;07467822000126;94;;;0;H;20160502
V;10369661000142;07467822000126;94;;;0;H;20160503
V;10369661000142;07467822000126;94;;;0;H;20160504
V;10369661000142;07467822000126;94;;;0;H;20160505
V;10369661000142;18459628002088;95;;;79;H;20160501
V;10369661000142;18459628002088;95;;;79;H;20160502
V;10369661000142;18459628002088;95;;;79;H;20160503
V;10369661000142;18459628002088;95;;;79;H;20160504
V;10369661000142;18459628002088;95;;;79;H;20160505
V;10369661000142;18459628002088;95;;;5;H;20160501
V;10369661000142;18459628002088;95;;;5;H;20160502
V;10369661000142;18459628002088;95;;;5;H;20160503
V;10369661000142;18459628002088;95;;;5;H;20160504
V;10369661000142;18459628002088;95;;;5;H;20160505
V;10369661000142;67148692000190;96;;;3;H;20160501
V;10369661000142;67148692000190;96;;;3;H;20160502
V;10369661000142;67148692000190;96;;;3;H;20160503
V;10369661000142;67148692000190;96;;;3;H;20160504
V;10369661000142;67148692000190;96;;;3;H;20160505
V;10369661000142;67148692000190;97;;;1;H;20160501
V;10369661000142;67148692000190;97;;;1;H;20160502
V;10369661000142;67148692000190;97;;;1;H;20160503
V;10369661000142;67148692000190;97;;;1;H;20160504
V;10369661000142;67148692000190;97;;;1;H;20160505
V;10369661000142;67148692000190;98;;;8149;H;20160501
V;10369661000142;67148692000190;98;;;8149;H;20160502
V;10369661000142;67148692000190;98;;;8149;H;20160503
V;10369661000142;67148692000190;98;;;8149;H;20160504
V;10369661000142;67148692000190;98;;;8149;H;20160505
V;10369661000142;67148692000190;98;;;969;H;20160501
V;10369661000142;67148692000190;98;;;969;H;20160502
V;10369661000142;67148692000190;98;;;969;H;20160503
V;10369661000142;67148692000190;98;;;969;H;20160504
V;10369661000142;67148692000190;98;;;969;H;20160505
V;10369661000142;67148692000190;99;;;0;H;20160501
V;10369661000142;67148692000190;99;;;0;H;20160502
V;10369661000142;67148692000190;99;;;0;H;20160503
V;10369661000142;67148692000190;99;;;0;H;20160504
V;10369661000142;67148692000190;99;;;0;H;20160505
V;10369661000142;47180625002190;100;;;0;H;20160501
V;10369661000142;47180625002190;100;;;0;H;20160502
V;10369661000142;47180625002190;100;;;0;H;20160503
V;10369661000142;47180625002190;100;;;0;H;20160504
V;10369661000142;47180625002190;100;;;0;H;20160505
V;10369661000142;18459628002088;101;;;1167;H;20160501
V;10369661000142;18459628002088;101;;;1167;H;20160502
V;10369661000142;18459628002088;101;;;1167;H;20160503
V;10369661000142;18459628002088;101;;;1167;H;20160504
V;10369661000142;18459628002088;101;;;1167;H;20160505
V;10369661000142;18459628002088;101;;;4384;H;20160501
V;10369661000142;18459628002088;101;;;4384;H;20160502
V;10369661000142;18459628002088;101;;;4384;H;20160503
V;10369661000142;18459628002088;101;;;4384;H;20160504
V;10369661000142;18459628002088;101;;;4384;H;20160505
V;10369661000142;47180625002190;102;;;60;H;20160501
V;10369661000142;47180625002190;102;;;60;H;20160502
V;10369661000142;47180625002190;102;;;60;H;20160503
V;10369661000142;47180625002190;102;;;60;H;20160504
V;10369661000142;47180625002190;102;;;60;H;20160505
V;10369661000142;47180625002190;102;;;84;H;20160501
V;10369661000142;47180625002190;102;;;84;H;20160502
V;10369661000142;47180625002190;102;;;84;H;20160503
V;10369661000142;47180625002190;102;;;84;H;20160504
V;10369661000142;47180625002190;102;;;84;H;20160505
V;10369661000142;47180625002190;103;;;29;H;20160501
V;10369661000142;47180625002190;103;;;29;H;20160502
V;10369661000142;47180625002190;103;;;29;H;20160503
V;10369661000142;47180625002190;103;;;29;H;20160504
V;10369661000142;47180625002190;103;;;29;H;20160505
V;10369661000142;47180625002190;104;;;57;H;20160501
V;10369661000142;47180625002190;104;;;57;H;20160502
V;10369661000142;47180625002190;104;;;57;H;20160503
V;10369661000142;47180625002190;104;;;57;H;20160504
V;10369661000142;47180625002190;104;;;57;H;20160505
V;10369661000142;47180625002190;104;;;35;H;20160501
V;10369661000142;47180625002190;104;;;35;H;20160502
V;10369661000142;47180625002190;104;;;35;H;20160503
V;10369661000142;47180625002190;104;;;35;H;20160504
V;10369661000142;47180625002190;104;;;35;H;20160505
V;10369661000142;42462952000177;105;;;2;H;20160501
V;10369661000142;42462952000177;105;;;2;H;20160502
V;10369661000142;42462952000177;105;;;2;H;20160503
V;10369661000142;42462952000177;105;;;2;H;20160504
V;10369661000142;42462952000177;105;;;2;H;20160505
V;10369661000142;42462952000177;105;;;3;H;20160501
V;10369661000142;42462952000177;105;;;3;H;20160502
V;10369661000142;42462952000177;105;;;3;H;20160503
V;10369661000142;42462952000177;105;;;3;H;20160504
V;10369661000142;42462952000177;105;;;3;H;20160505
V;10369661000142;47180625002190;106;;;2;H;20160501
V;10369661000142;47180625002190;106;;;2;H;20160502
V;10369661000142;47180625002190;106;;;2;H;20160503
V;10369661000142;47180625002190;106;;;2;H;20160504
V;10369661000142;47180625002190;106;;;2;H;20160505
V;10369661000142;47180625002190;106;;;0;H;20160501
V;10369661000142;47180625002190;106;;;0;H;20160502
V;10369661000142;47180625002190;106;;;0;H;20160503
V;10369661000142;47180625002190;106;;;0;H;20160504
V;10369661000142;47180625002190;106;;;0;H;20160505
V;10369661000142;47180625002190;107;;;0;H;20160501
V;10369661000142;47180625002190;107;;;0;H;20160502
V;10369661000142;47180625002190;107;;;0;H;20160503
V;10369661000142;47180625002190;107;;;0;H;20160504
V;10369661000142;47180625002190;107;;;0;H;20160505
V;10369661000142;47180625002190;108;;;12;H;20160501
V;10369661000142;47180625002190;108;;;12;H;20160502
V;10369661000142;47180625002190;108;;;12;H;20160503
V;10369661000142;47180625002190;108;;;12;H;20160504
V;10369661000142;47180625002190;108;;;12;H;20160505
V;10369661000142;47180625002190;108;;;1;H;20160501
V;10369661000142;47180625002190;108;;;1;H;20160502
V;10369661000142;47180625002190;108;;;1;H;20160503
V;10369661000142;47180625002190;108;;;1;H;20160504
V;10369661000142;47180625002190;108;;;1;H;20160505
V;10369661000142;08789294000194;109;;;0;H;20160501
V;10369661000142;08789294000194;109;;;0;H;20160502
V;10369661000142;08789294000194;109;;;0;H;20160503
V;10369661000142;08789294000194;109;;;0;H;20160504
V;10369661000142;08789294000194;109;;;0;H;20160505
V;10369661000142;47180625002190;110;;;80;H;20160501
V;10369661000142;47180625002190;110;;;80;H;20160502
V;10369661000142;47180625002190;110;;;80;H;20160503
V;10369661000142;47180625002190;110;;;80;H;20160504
V;10369661000142;47180625002190;110;;;80;H;20160505
V;10369661000142;47180625002190;110;;;54;H;20160501
V;10369661000142;47180625002190;110;;;54;H;20160502
V;10369661000142;47180625002190;110;;;54;H;20160503
V;10369661000142;47180625002190;110;;;54;H;20160504
V;10369661000142;47180625002190;110;;;54;H;20160505
V;10369661000142;47180625002190;111;;;5;H;20160501
V;10369661000142;47180625002190;111;;;5;H;20160502
V;10369661000142;47180625002190;111;;;5;H;20160503
V;10369661000142;47180625002190;111;;;5;H;20160504
V;10369661000142;47180625002190;111;;;5;H;20160505
V;10369661000142;47180625002190;112;;;899;H;20160501
V;10369661000142;47180625002190;112;;;899;H;20160502
V;10369661000142;47180625002190;112;;;899;H;20160503
V;10369661000142;47180625002190;112;;;899;H;20160504
V;10369661000142;47180625002190;112;;;899;H;20160505
V;10369661000142;47180625002190;112;;;148;H;20160501
V;10369661000142;47180625002190;112;;;148;H;20160502
V;10369661000142;47180625002190;112;;;148;H;20160503
V;10369661000142;47180625002190;112;;;148;H;20160504
V;10369661000142;47180625002190;112;;;148;H;20160505
V;10369661000142;60744463001080;113;;;0;H;20160501
V;10369661000142;60744463001080;113;;;0;H;20160502
V;10369661000142;60744463001080;113;;;0;H;20160503
V;10369661000142;60744463001080;113;;;0;H;20160504
V;10369661000142;60744463001080;113;;;0;H;20160505
V;10369661000142;60744463001080;114;;;2;H;20160501
V;10369661000142;60744463001080;114;;;2;H;20160502
V;10369661000142;60744463001080;114;;;2;H;20160503
V;10369661000142;60744463001080;114;;;2;H;20160504
V;10369661000142;60744463001080;114;;;2;H;20160505
V;10369661000142;60744463001080;114;;;0;H;20160501
V;10369661000142;60744463001080;114;;;0;H;20160502
V;10369661000142;60744463001080;114;;;0;H;20160503
V;10369661000142;60744463001080;114;;;0;H;20160504
V;10369661000142;60744463001080;114;;;0;H;20160505
V;10369661000142;07467822000126;115;;;131;H;20160501
V;10369661000142;07467822000126;115;;;131;H;20160502
V;10369661000142;07467822000126;115;;;131;H;20160503
V;10369661000142;07467822000126;115;;;131;H;20160504
V;10369661000142;07467822000126;115;;;131;H;20160505
V;10369661000142;47180625002190;116;;;9;H;20160501
V;10369661000142;47180625002190;116;;;9;H;20160502
V;10369661000142;47180625002190;116;;;9;H;20160503
V;10369661000142;47180625002190;116;;;9;H;20160504
V;10369661000142;47180625002190;116;;;9;H;20160505
V;10369661000142;47180625002190;116;;;13;H;20160501
V;10369661000142;47180625002190;116;;;13;H;20160502
V;10369661000142;47180625002190;116;;;13;H;20160503
V;10369661000142;47180625002190;116;;;13;H;20160504
V;10369661000142;47180625002190;116;;;13;H;20160505
V;10369661000142;07467822000126;117;;;241;H;20160501
V;10369661000142;07467822000126;117;;;241;H;20160502
V;10369661000142;07467822000126;117;;;241;H;20160503
V;10369661000142;07467822000126;117;;;241;H;20160504
V;10369661000142;47180625002190;118;;;122;H;20160501
V;10369661000142;47180625002190;118;;;122;H;20160502
V;10369661000142;47180625002190;118;;;122;H;20160503
V;10369661000142;47180625002190;118;;;122;H;20160504
V;10369661000142;47180625002190;118;;;122;H;20160505
V;10369661000142;47180625002190;118;;;171;H;20160501
V;10369661000142;47180625002190;118;;;171;H;20160502
V;10369661000142;47180625002190;118;;;171;H;20160503
V;10369661000142;47180625002190;118;;;171;H;20160504
V;10369661000142;47180625002190;118;;;171;H;20160505
V;10369661000142;47180625002190;119;;;0;H;20160501
V;10369661000142;47180625002190;119;;;0;H;20160502
V;10369661000142;47180625002190;119;;;0;H;20160503
V;10369661000142;47180625002190;119;;;0;H;20160504
V;10369661000142;47180625002190;119;;;0;H;20160505
V;10369661000142;47180625002190;120;;;8;H;20160501
V;10369661000142;47180625002190;120;;;8;H;20160502
V;10369661000142;47180625002190;120;;;8;H;20160503
V;10369661000142;47180625002190;120;;;8;H;20160504
V;10369661000142;47180625002190;120;;;8;H;20160505
V;10369661000142;47180625002190;120;;;3;H;20160501
V;10369661000142;47180625002190;120;;;3;H;20160502
V;10369661000142;47180625002190;120;;;3;H;20160503
V;10369661000142;47180625002190;120;;;3;H;20160504
V;10369661000142;47180625002190;120;;;3;H;20160505
V;10369661000142;47180625002190;121;;;0;H;20160501
V;10369661000142;47180625002190;121;;;0;H;20160502
V;10369661000142;47180625002190;121;;;0;H;20160503
V;10369661000142;47180625002190;121;;;0;H;20160504
V;10369661000142;47180625002190;121;;;0;H;20160505
V;10369661000142;47180625002190;122;;;22;H;20160501
V;10369661000142;47180625002190;122;;;22;H;20160502
V;10369661000142;47180625002190;122;;;22;H;20160503
V;10369661000142;47180625002190;122;;;22;H;20160504
V;10369661000142;47180625002190;122;;;22;H;20160505
V;10369661000142;47180625002190;122;;;33;H;20160501
V;10369661000142;47180625002190;122;;;33;H;20160502
V;10369661000142;47180625002190;122;;;33;H;20160503
V;10369661000142;47180625002190;122;;;33;H;20160504
V;10369661000142;47180625002190;122;;;33;H;20160505
V;10369661000142;47180625002190;123;;;0;H;20160501
V;10369661000142;47180625002190;123;;;0;H;20160502
V;10369661000142;47180625002190;123;;;0;H;20160503
V;10369661000142;47180625002190;123;;;0;H;20160504
V;10369661000142;47180625002190;123;;;0;H;20160505
V;10369661000142;47180625002190;123;;;1;H;20160501
V;10369661000142;47180625002190;123;;;1;H;20160502
V;10369661000142;47180625002190;123;;;1;H;20160503
V;10369661000142;47180625002190;123;;;1;H;20160504
V;10369661000142;47180625002190;123;;;1;H;20160505
V;10369661000142;47180625002190;124;;;0;H;20160501
V;10369661000142;47180625002190;124;;;0;H;20160502
V;10369661000142;47180625002190;124;;;0;H;20160503
V;10369661000142;47180625002190;124;;;0;H;20160504
V;10369661000142;47180625002190;124;;;0;H;20160505
V;10369661000142;47180625002190;125;;;0;H;20160501
V;10369661000142;47180625002190;125;;;0;H;20160502
V;10369661000142;47180625002190;125;;;0;H;20160503
V;10369661000142;47180625002190;125;;;0;H;20160504
V;10369661000142;47180625002190;125;;;0;H;20160505
V;10369661000142;47180625002190;126;;;0;H;20160501
V;10369661000142;47180625002190;126;;;0;H;20160502
V;10369661000142;47180625002190;126;;;0;H;20160503
V;10369661000142;47180625002190;126;;;0;H;20160504
V;10369661000142;47180625002190;126;;;0;H;20160505
V;10369661000142;47180625002190;127;;;0;H;20160501
V;10369661000142;47180625002190;127;;;0;H;20160502
V;10369661000142;47180625002190;127;;;0;H;20160503
V;10369661000142;47180625002190;127;;;0;H;20160504
V;10369661000142;47180625002190;127;;;0;H;20160505
V;10369661000142;47180625002190;128;;;20;H;20160501
V;10369661000142;47180625002190;128;;;20;H;20160502
V;10369661000142;47180625002190;128;;;20;H;20160503
V;10369661000142;47180625002190;128;;;20;H;20160504
V;10369661000142;47180625002190;128;;;20;H;20160505
V;10369661000142;47180625002190;129;;;0;H;20160501
V;10369661000142;47180625002190;129;;;0;H;20160502
V;10369661000142;47180625002190;129;;;0;H;20160503
V;10369661000142;47180625002190;129;;;0;H;20160504
V;10369661000142;47180625002190;129;;;0;H;20160505
V;10369661000142;47180625002190;129;;;5;H;20160501
V;10369661000142;47180625002190;129;;;5;H;20160502
V;10369661000142;47180625002190;129;;;5;H;20160503
V;10369661000142;47180625002190;129;;;5;H;20160504
V;10369661000142;47180625002190;129;;;5;H;20160505
V;10369661000142;47180625002190;130;;;11;H;20160501
V;10369661000142;47180625002190;130;;;11;H;20160502
V;10369661000142;47180625002190;130;;;11;H;20160503
V;10369661000142;47180625002190;130;;;11;H;20160504
V;10369661000142;47180625002190;130;;;11;H;20160505
V;10369661000142;47180625002190;131;;;1450;H;20160501
V;10369661000142;47180625002190;131;;;1450;H;20160502
V;10369661000142;47180625002190;131;;;1450;H;20160503
V;10369661000142;47180625002190;131;;;1450;H;20160504
V;10369661000142;47180625002190;131;;;1450;H;20160505
V;10369661000142;47180625002190;131;;;1562;H;20160501
V;10369661000142;47180625002190;131;;;1562;H;20160502
V;10369661000142;47180625002190;131;;;1562;H;20160503
V;10369661000142;47180625002190;131;;;1562;H;20160504
V;10369661000142;47180625002190;131;;;1562;H;20160505
V;10369661000142;47180625002190;132;;;0;H;20160501
V;10369661000142;47180625002190;132;;;0;H;20160502
V;10369661000142;47180625002190;132;;;0;H;20160503
V;10369661000142;47180625002190;132;;;0;H;20160504
V;10369661000142;47180625002190;132;;;0;H;20160505
V;10369661000142;03237990000174;145;;;48;H;20160501
V;10369661000142;03237990000174;145;;;48;H;20160502
V;10369661000142;03237990000174;145;;;48;H;20160503
V;10369661000142;03237990000174;145;;;48;H;20160504
V;10369661000142;03237990000174;145;;;48;H;20160505
V;10369661000142;03237990000174;146;;;2;H;20160501
V;10369661000142;03237990000174;146;;;2;H;20160502
V;10369661000142;03237990000174;146;;;2;H;20160503
V;10369661000142;03237990000174;146;;;2;H;20160504
V;10369661000142;03237990000174;146;;;2;H;20160505
V;10369661000142;03237990000174;171;;;62;H;20160501
V;10369661000142;03237990000174;171;;;62;H;20160502
V;10369661000142;03237990000174;171;;;62;H;20160503
V;10369661000142;03237990000174;171;;;62;H;20160504
V;10369661000142;03237990000174;171;;;62;H;20160505
V;10369661000142;07467822000126;172;;;0;H;20160501
V;10369661000142;07467822000126;172;;;0;H;20160502
V;10369661000142;07467822000126;172;;;0;H;20160503
V;10369661000142;07467822000126;172;;;0;H;20160504
V;10369661000142;07467822000126;172;;;0;H;20160505
V;10369661000142;07467822000126;173;;;0;H;20160501
V;10369661000142;07467822000126;173;;;0;H;20160502
V;10369661000142;07467822000126;173;;;0;H;20160503
V;10369661000142;07467822000126;173;;;0;H;20160504
V;10369661000142;07467822000126;173;;;0;H;20160505
V;10369661000142;07467822000126;174;;;311;H;20160501
V;10369661000142;07467822000126;174;;;311;H;20160502
V;10369661000142;07467822000126;174;;;311;H;20160503
V;10369661000142;07467822000126;174;;;311;H;20160504
V;10369661000142;07467822000126;174;;;311;H;20160505
V;10369661000142;07467822000126;174;;;257;H;20160501
V;10369661000142;07467822000126;174;;;257;H;20160502
V;10369661000142;07467822000126;174;;;257;H;20160503
V;10369661000142;07467822000126;174;;;257;H;20160504
V;10369661000142;07467822000126;174;;;257;H;20160505
V;10369661000142;07467822000126;175;;;129;H;20160501
V;10369661000142;07467822000126;175;;;129;H;20160502
V;10369661000142;07467822000126;175;;;129;H;20160503
V;10369661000142;07467822000126;175;;;129;H;20160504
V;10369661000142;07467822000126;175;;;129;H;20160505
V;10369661000142;07467822000126;175;;;91;H;20160501
V;10369661000142;07467822000126;175;;;91;H;20160502
V;10369661000142;07467822000126;175;;;91;H;20160503
V;10369661000142;07467822000126;175;;;91;H;20160504
V;10369661000142;07467822000126;175;;;91;H;20160505
V;10369661000142;07467822000126;176;;;0;H;20160501
V;10369661000142;07467822000126;176;;;0;H;20160502
V;10369661000142;07467822000126;176;;;0;H;20160503
V;10369661000142;07467822000126;176;;;0;H;20160504
V;10369661000142;07467822000126;176;;;0;H;20160505
V;10369661000142;07467822000126;177;;;1;H;20160501
V;10369661000142;07467822000126;177;;;1;H;20160502
V;10369661000142;07467822000126;177;;;1;H;20160503
V;10369661000142;07467822000126;177;;;1;H;20160504
V;10369661000142;07467822000126;177;;;1;H;20160505
V;10369661000142;07467822000126;178;;;0;H;20160501
V;10369661000142;07467822000126;178;;;0;H;20160502
V;10369661000142;07467822000126;178;;;0;H;20160503
V;10369661000142;07467822000126;178;;;0;H;20160504
V;10369661000142;07467822000126;178;;;0;H;20160505
V;10369661000142;07467822000126;179;;;0;H;20160501
V;10369661000142;07467822000126;179;;;0;H;20160502
V;10369661000142;07467822000126;179;;;0;H;20160503
V;10369661000142;07467822000126;179;;;0;H;20160504
V;10369661000142;07467822000126;179;;;0;H;20160505
V;10369661000142;07467822000126;180;;;107;H;20160501
V;10369661000142;07467822000126;180;;;107;H;20160502
V;10369661000142;07467822000126;180;;;107;H;20160503
V;10369661000142;07467822000126;180;;;107;H;20160504
V;10369661000142;07467822000126;180;;;107;H;20160505
V;10369661000142;07467822000126;181;;;20;H;20160501
V;10369661000142;07467822000126;181;;;20;H;20160502
V;10369661000142;07467822000126;181;;;20;H;20160503
V;10369661000142;07467822000126;181;;;20;H;20160504
V;10369661000142;07467822000126;181;;;20;H;20160505
V;10369661000142;07467822000126;181;;;18;H;20160501
V;10369661000142;07467822000126;181;;;18;H;20160502
V;10369661000142;07467822000126;181;;;18;H;20160503
V;10369661000142;07467822000126;181;;;18;H;20160504
V;10369661000142;07467822000126;181;;;18;H;20160505
V;10369661000142;07467822000126;182;;;2;H;20160501
V;10369661000142;07467822000126;182;;;2;H;20160502
V;10369661000142;07467822000126;182;;;2;H;20160503
V;10369661000142;07467822000126;182;;;2;H;20160504
V;10369661000142;07467822000126;182;;;2;H;20160505
V;10369661000142;07467822000126;183;;;397;H;20160501
V;10369661000142;07467822000126;183;;;397;H;20160502
V;10369661000142;07467822000126;183;;;397;H;20160503
V;10369661000142;07467822000126;183;;;397;H;20160504
V;10369661000142;07467822000126;183;;;397;H;20160505
V;10369661000142;07467822000126;184;;;0;H;20160501
V;10369661000142;07467822000126;184;;;0;H;20160502
V;10369661000142;07467822000126;184;;;0;H;20160503
V;10369661000142;07467822000126;184;;;0;H;20160504
V;10369661000142;07467822000126;184;;;0;H;20160505
V;10369661000142;07467822000126;185;;;2;H;20160501
V;10369661000142;07467822000126;185;;;2;H;20160502
V;10369661000142;07467822000126;185;;;2;H;20160503
V;10369661000142;07467822000126;185;;;2;H;20160504
V;10369661000142;07467822000126;185;;;2;H;20160505
V;10369661000142;07467822000126;186;;;0;H;20160501
V;10369661000142;07467822000126;186;;;0;H;20160502
V;10369661000142;07467822000126;186;;;0;H;20160503
V;10369661000142;07467822000126;186;;;0;H;20160504
V;10369661000142;07467822000126;186;;;0;H;20160505
V;10369661000142;07467822000126;188;;;0;H;20160501
V;10369661000142;07467822000126;188;;;0;H;20160502
V;10369661000142;07467822000126;188;;;0;H;20160503
V;10369661000142;07467822000126;188;;;0;H;20160504
V;10369661000142;07467822000126;188;;;0;H;20160505
V;10369661000142;07467822000126;189;;;365;H;20160501
V;10369661000142;07467822000126;189;;;365;H;20160502
V;10369661000142;07467822000126;189;;;365;H;20160503
V;10369661000142;07467822000126;189;;;365;H;20160504
V;10369661000142;07467822000126;189;;;365;H;20160505
V;10369661000142;07467822000126;189;;;363;H;20160501
V;10369661000142;07467822000126;189;;;363;H;20160502
V;10369661000142;07467822000126;189;;;363;H;20160503
V;10369661000142;07467822000126;189;;;363;H;20160504
V;10369661000142;07467822000126;189;;;363;H;20160505
V;10369661000142;07467822000126;190;;;18;H;20160501
V;10369661000142;07467822000126;190;;;18;H;20160502
V;10369661000142;07467822000126;190;;;18;H;20160503
V;10369661000142;07467822000126;190;;;18;H;20160504
V;10369661000142;07467822000126;190;;;18;H;20160505
V;10369661000142;07467822000126;190;;;5;H;20160501
V;10369661000142;07467822000126;190;;;5;H;20160502
V;10369661000142;07467822000126;190;;;5;H;20160503
V;10369661000142;07467822000126;190;;;5;H;20160504
V;10369661000142;07467822000126;190;;;5;H;20160505
V;10369661000142;07467822000126;191;;;0;H;20160501
V;10369661000142;07467822000126;191;;;0;H;20160502
V;10369661000142;07467822000126;191;;;0;H;20160503
V;10369661000142;07467822000126;191;;;0;H;20160504
V;10369661000142;07467822000126;191;;;0;H;20160505
V;10369661000142;07467822000126;192;;;0;H;20160501
V;10369661000142;07467822000126;192;;;0;H;20160502
V;10369661000142;07467822000126;192;;;0;H;20160503
V;10369661000142;07467822000126;192;;;0;H;20160504
V;10369661000142;07467822000126;192;;;0;H;20160505
V;10369661000142;07467822000126;193;;;0;H;20160501
V;10369661000142;07467822000126;193;;;0;H;20160502
V;10369661000142;07467822000126;193;;;0;H;20160503
V;10369661000142;07467822000126;193;;;0;H;20160504
V;10369661000142;07467822000126;193;;;0;H;20160505
V;10369661000142;07467822000126;194;;;7;H;20160501
V;10369661000142;07467822000126;194;;;7;H;20160502
V;10369661000142;07467822000126;194;;;7;H;20160503
V;10369661000142;07467822000126;194;;;7;H;20160504
V;10369661000142;07467822000126;194;;;7;H;20160505
V;10369661000142;07467822000126;195;;;0;H;20160501
V;10369661000142;07467822000126;195;;;0;H;20160502
V;10369661000142;07467822000126;195;;;0;H;20160503
V;10369661000142;07467822000126;195;;;0;H;20160504
V;10369661000142;07467822000126;195;;;0;H;20160505
V;10369661000142;07467822000126;196;;;21;H;20160501
V;10369661000142;07467822000126;196;;;21;H;20160502
V;10369661000142;07467822000126;196;;;21;H;20160503
V;10369661000142;07467822000126;196;;;21;H;20160504
V;10369661000142;07467822000126;196;;;21;H;20160505
V;10369661000142;07467822000126;196;;;1;H;20160501
V;10369661000142;07467822000126;196;;;1;H;20160502
V;10369661000142;07467822000126;196;;;1;H;20160503
V;10369661000142;07467822000126;196;;;1;H;20160504
V;10369661000142;07467822000126;196;;;1;H;20160505
V;10369661000142;07467822000126;197;;;0;H;20160501
V;10369661000142;07467822000126;197;;;0;H;20160502
V;10369661000142;07467822000126;197;;;0;H;20160503
V;10369661000142;07467822000126;197;;;0;H;20160504
V;10369661000142;07467822000126;197;;;0;H;20160505
V;10369661000142;07467822000126;198;;;178;H;20160501
V;10369661000142;07467822000126;198;;;178;H;20160502
V;10369661000142;07467822000126;198;;;173;H;20160503
V;10369661000142;07467822000126;198;;;173;H;20160504
V;10369661000142;07467822000126;198;;;173;H;20160505
V;10369661000142;07467822000126;199;;;0;H;20160501
V;10369661000142;07467822000126;199;;;0;H;20160502
V;10369661000142;07467822000126;199;;;0;H;20160503
V;10369661000142;07467822000126;199;;;0;H;20160504
V;10369661000142;07467822000126;199;;;0;H;20160505
V;10369661000142;07467822000126;199;;;8;H;20160501
V;10369661000142;07467822000126;199;;;8;H;20160502
V;10369661000142;07467822000126;199;;;8;H;20160503
V;10369661000142;07467822000126;199;;;8;H;20160504
V;10369661000142;07467822000126;199;;;8;H;20160505
V;10369661000142;60744463001080;200;;;15;H;20160501
V;10369661000142;60744463001080;200;;;15;H;20160502
V;10369661000142;60744463001080;200;;;15;H;20160503
V;10369661000142;60744463001080;200;;;15;H;20160504
V;10369661000142;60744463001080;200;;;15;H;20160505
V;10369661000142;60744463001080;201;;;8;H;20160501
V;10369661000142;60744463001080;201;;;8;H;20160502
V;10369661000142;60744463001080;201;;;8;H;20160503
V;10369661000142;60744463001080;201;;;8;H;20160504
V;10369661000142;60744463001080;201;;;8;H;20160505
V;10369661000142;60744463001080;202;;;0;H;20160501
V;10369661000142;60744463001080;202;;;0;H;20160502
V;10369661000142;60744463001080;202;;;0;H;20160503
V;10369661000142;60744463001080;202;;;0;H;20160504
V;10369661000142;60744463001080;202;;;0;H;20160505
V;10369661000142;60744463001080;203;;;0;H;20160501
V;10369661000142;60744463001080;203;;;0;H;20160502
V;10369661000142;60744463001080;203;;;0;H;20160503
V;10369661000142;60744463001080;203;;;0;H;20160504
V;10369661000142;60744463001080;203;;;0;H;20160505
V;10369661000142;60744463001080;204;;;0;H;20160501
V;10369661000142;60744463001080;204;;;0;H;20160502
V;10369661000142;60744463001080;204;;;0;H;20160503
V;10369661000142;60744463001080;204;;;0;H;20160504
V;10369661000142;60744463001080;204;;;0;H;20160505
V;10369661000142;60744463001080;205;;;362;H;20160501
V;10369661000142;60744463001080;205;;;362;H;20160502
V;10369661000142;60744463001080;205;;;362;H;20160503
V;10369661000142;60744463001080;205;;;362;H;20160504
V;10369661000142;60744463001080;205;;;362;H;20160505
V;10369661000142;60744463001080;205;;;6;H;20160501
V;10369661000142;60744463001080;205;;;6;H;20160502
V;10369661000142;60744463001080;205;;;6;H;20160503
V;10369661000142;60744463001080;205;;;6;H;20160504
V;10369661000142;60744463001080;205;;;6;H;20160505
V;10369661000142;60744463001080;206;;;292;H;20160501
V;10369661000142;60744463001080;206;;;292;H;20160502
V;10369661000142;60744463001080;206;;;292;H;20160503
V;10369661000142;60744463001080;206;;;292;H;20160504
V;10369661000142;60744463001080;206;;;292;H;20160505
V;10369661000142;60744463001080;206;;;283;H;20160501
V;10369661000142;60744463001080;206;;;283;H;20160502
V;10369661000142;60744463001080;206;;;283;H;20160503
V;10369661000142;60744463001080;206;;;283;H;20160504
V;10369661000142;60744463001080;206;;;283;H;20160505
V;10369661000142;60744463001080;207;;;0;H;20160501
V;10369661000142;60744463001080;207;;;0;H;20160502
V;10369661000142;60744463001080;207;;;0;H;20160503
V;10369661000142;60744463001080;207;;;0;H;20160504
V;10369661000142;60744463001080;207;;;0;H;20160505
V;10369661000142;60744463001080;208;;;0;H;20160501
V;10369661000142;60744463001080;208;;;0;H;20160502
V;10369661000142;60744463001080;208;;;0;H;20160503
V;10369661000142;60744463001080;208;;;0;H;20160504
V;10369661000142;60744463001080;208;;;0;H;20160505
V;10369661000142;60744463001080;209;;;0;H;20160501
V;10369661000142;60744463001080;209;;;0;H;20160502
V;10369661000142;60744463001080;209;;;0;H;20160503
V;10369661000142;60744463001080;209;;;0;H;20160504
V;10369661000142;60744463001080;209;;;0;H;20160505
V;10369661000142;60744463001080;210;;;0;H;20160501
V;10369661000142;60744463001080;210;;;0;H;20160502
V;10369661000142;60744463001080;210;;;0;H;20160503
V;10369661000142;60744463001080;210;;;0;H;20160504
V;10369661000142;60744463001080;210;;;0;H;20160505
V;10369661000142;60744463001080;211;;;0;H;20160501
V;10369661000142;60744463001080;211;;;0;H;20160502
V;10369661000142;60744463001080;211;;;0;H;20160503
V;10369661000142;60744463001080;211;;;0;H;20160504
V;10369661000142;60744463001080;211;;;0;H;20160505
V;10369661000142;23361306001060;212;;;489;H;20160501
V;10369661000142;23361306001060;212;;;489;H;20160502
V;10369661000142;23361306001060;212;;;489;H;20160503
V;10369661000142;23361306001060;212;;;489;H;20160504
V;10369661000142;23361306001060;212;;;489;H;20160505
V;10369661000142;23361306001060;212;;;89;H;20160501
V;10369661000142;23361306001060;212;;;89;H;20160502
V;10369661000142;23361306001060;212;;;89;H;20160503
V;10369661000142;23361306001060;212;;;89;H;20160504
V;10369661000142;23361306001060;212;;;89;H;20160505
V;10369661000142;23361306001060;213;;;0;H;20160501
V;10369661000142;23361306001060;213;;;0;H;20160502
V;10369661000142;23361306001060;213;;;0;H;20160503
V;10369661000142;23361306001060;213;;;0;H;20160504
V;10369661000142;23361306001060;213;;;0;H;20160505
V;10369661000142;23361306001060;214;;;0;H;20160501
V;10369661000142;23361306001060;214;;;0;H;20160502
V;10369661000142;23361306001060;214;;;0;H;20160503
V;10369661000142;23361306001060;214;;;0;H;20160504
V;10369661000142;23361306001060;214;;;0;H;20160505
V;10369661000142;02290510000176;250;;;1;H;20160501
V;10369661000142;02290510000176;250;;;1;H;20160502
V;10369661000142;02290510000176;250;;;1;H;20160503
V;10369661000142;02290510000176;250;;;1;H;20160504
V;10369661000142;02290510000176;250;;;1;H;20160505
V;10369661000142;02290510000176;251;;;0;H;20160501
V;10369661000142;02290510000176;251;;;0;H;20160502
V;10369661000142;02290510000176;251;;;0;H;20160503
V;10369661000142;02290510000176;251;;;0;H;20160504
V;10369661000142;02290510000176;251;;;0;H;20160505
V;10369661000142;02290510000176;252;;;26;H;20160501
V;10369661000142;02290510000176;252;;;26;H;20160502
V;10369661000142;02290510000176;252;;;26;H;20160503
V;10369661000142;02290510000176;252;;;26;H;20160504
V;10369661000142;02290510000176;252;;;26;H;20160505
V;10369661000142;02290510000176;252;;;284;H;20160501
V;10369661000142;02290510000176;252;;;284;H;20160502
V;10369661000142;02290510000176;252;;;284;H;20160503
V;10369661000142;02290510000176;252;;;284;H;20160504
V;10369661000142;02290510000176;252;;;284;H;20160505
V;10369661000142;02290510000176;253;;;0;H;20160501
V;10369661000142;02290510000176;253;;;0;H;20160502
V;10369661000142;02290510000176;253;;;0;H;20160503
V;10369661000142;02290510000176;253;;;0;H;20160504
V;10369661000142;02290510000176;253;;;0;H;20160505
V;10369661000142;02290510000176;254;;;0;H;20160501
V;10369661000142;02290510000176;254;;;0;H;20160502
V;10369661000142;02290510000176;254;;;0;H;20160503
V;10369661000142;02290510000176;254;;;0;H;20160504
V;10369661000142;02290510000176;254;;;0;H;20160505
V;10369661000142;02290510000176;255;;;10;H;20160501
V;10369661000142;02290510000176;255;;;10;H;20160502
V;10369661000142;02290510000176;255;;;10;H;20160503
V;10369661000142;02290510000176;255;;;10;H;20160504
V;10369661000142;02290510000176;255;;;10;H;20160505
V;10369661000142;02290510000176;255;;;13;H;20160501
V;10369661000142;02290510000176;255;;;13;H;20160502
V;10369661000142;02290510000176;255;;;13;H;20160503
V;10369661000142;02290510000176;255;;;13;H;20160504
V;10369661000142;02290510000176;255;;;13;H;20160505
V;10369661000142;02290510000176;256;;;0;H;20160501
V;10369661000142;02290510000176;256;;;0;H;20160502
V;10369661000142;02290510000176;256;;;0;H;20160503
V;10369661000142;02290510000176;256;;;0;H;20160504
V;10369661000142;02290510000176;256;;;0;H;20160505
V;10369661000142;02290510000176;257;;;69;H;20160501
V;10369661000142;02290510000176;257;;;69;H;20160502
V;10369661000142;02290510000176;257;;;69;H;20160503
V;10369661000142;02290510000176;257;;;69;H;20160504
V;10369661000142;02290510000176;257;;;69;H;20160505
V;10369661000142;02290510000176;257;;;37;H;20160501
V;10369661000142;02290510000176;257;;;37;H;20160502
V;10369661000142;02290510000176;257;;;37;H;20160503
V;10369661000142;02290510000176;257;;;37;H;20160504
V;10369661000142;02290510000176;257;;;37;H;20160505
V;10369661000142;02290510000176;258;;;2;H;20160501
V;10369661000142;02290510000176;258;;;2;H;20160502
V;10369661000142;02290510000176;258;;;2;H;20160503
V;10369661000142;02290510000176;258;;;2;H;20160504
V;10369661000142;02290510000176;258;;;2;H;20160505
V;10369661000142;02290510000176;259;;;18;H;20160501
V;10369661000142;02290510000176;259;;;18;H;20160502
V;10369661000142;02290510000176;259;;;18;H;20160503
V;10369661000142;02290510000176;259;;;18;H;20160504
V;10369661000142;02290510000176;259;;;18;H;20160505
V;10369661000142;02290510000176;259;;;21;H;20160501
V;10369661000142;02290510000176;259;;;21;H;20160502
V;10369661000142;02290510000176;259;;;21;H;20160503
V;10369661000142;02290510000176;259;;;21;H;20160504
V;10369661000142;02290510000176;259;;;21;H;20160505
V;10369661000142;02290510000176;260;;;0;H;20160501
V;10369661000142;02290510000176;260;;;0;H;20160502
V;10369661000142;02290510000176;260;;;0;H;20160503
V;10369661000142;02290510000176;260;;;0;H;20160504
V;10369661000142;02290510000176;260;;;0;H;20160505
V;10369661000142;02290510000176;260;;;1392;H;20160501
V;10369661000142;02290510000176;260;;;1392;H;20160502
V;10369661000142;02290510000176;260;;;1392;H;20160503
V;10369661000142;02290510000176;260;;;1392;H;20160504
V;10369661000142;02290510000176;260;;;1392;H;20160505
V;10369661000142;02290510000176;261;;;0;H;20160501
V;10369661000142;02290510000176;261;;;0;H;20160502
V;10369661000142;02290510000176;261;;;0;H;20160503
V;10369661000142;02290510000176;261;;;0;H;20160504
V;10369661000142;02290510000176;261;;;0;H;20160505
V;10369661000142;61142550000130;262;;;0;H;20160501
V;10369661000142;61142550000130;262;;;0;H;20160502
V;10369661000142;61142550000130;262;;;0;H;20160503
V;10369661000142;61142550000130;262;;;0;H;20160504
V;10369661000142;61142550000130;262;;;0;H;20160505
V;10369661000142;61142550000130;263;;;0;H;20160501
V;10369661000142;61142550000130;263;;;0;H;20160502
V;10369661000142;61142550000130;263;;;0;H;20160503
V;10369661000142;61142550000130;263;;;0;H;20160504
V;10369661000142;61142550000130;263;;;0;H;20160505
V;10369661000142;61142550000130;264;;;124;H;20160501
V;10369661000142;61142550000130;264;;;124;H;20160502
V;10369661000142;61142550000130;264;;;124;H;20160503
V;10369661000142;61142550000130;264;;;124;H;20160504
V;10369661000142;61142550000130;264;;;124;H;20160505
V;10369661000142;61142550000130;265;;;15;H;20160501
V;10369661000142;61142550000130;265;;;15;H;20160502
V;10369661000142;61142550000130;265;;;15;H;20160503
V;10369661000142;61142550000130;265;;;15;H;20160504
V;10369661000142;61142550000130;265;;;15;H;20160505
V;10369661000142;61142550000130;266;;;313;H;20160501
V;10369661000142;61142550000130;266;;;313;H;20160502
V;10369661000142;61142550000130;266;;;313;H;20160503
V;10369661000142;61142550000130;266;;;313;H;20160504
V;10369661000142;61142550000130;266;;;313;H;20160505
V;10369661000142;61142550000130;267;;;0;H;20160501
V;10369661000142;61142550000130;267;;;0;H;20160502
V;10369661000142;61142550000130;267;;;0;H;20160503
V;10369661000142;61142550000130;267;;;0;H;20160504
V;10369661000142;61142550000130;267;;;0;H;20160505
V;10369661000142;58133703000178;268;;;0;H;20160501
V;10369661000142;58133703000178;268;;;0;H;20160502
V;10369661000142;58133703000178;268;;;0;H;20160503
V;10369661000142;58133703000178;268;;;0;H;20160504
V;10369661000142;58133703000178;268;;;0;H;20160505
V;10369661000142;58133703000178;281;;;0;H;20160501
V;10369661000142;58133703000178;281;;;0;H;20160502
V;10369661000142;58133703000178;281;;;0;H;20160503
V;10369661000142;58133703000178;281;;;0;H;20160504
V;10369661000142;58133703000178;281;;;0;H;20160505
V;10369661000142;58133703000178;282;;;13;H;20160501
V;10369661000142;58133703000178;282;;;13;H;20160502
V;10369661000142;58133703000178;282;;;13;H;20160503
V;10369661000142;58133703000178;282;;;13;H;20160504
V;10369661000142;58133703000178;282;;;13;H;20160505
V;10369661000142;58133703000178;283;;;0;H;20160501
V;10369661000142;58133703000178;283;;;0;H;20160502
V;10369661000142;58133703000178;283;;;0;H;20160503
V;10369661000142;58133703000178;283;;;0;H;20160504
V;10369661000142;58133703000178;283;;;0;H;20160505
V;10369661000142;58133703000178;284;;;0;H;20160501
V;10369661000142;58133703000178;284;;;0;H;20160502
V;10369661000142;58133703000178;284;;;0;H;20160503
V;10369661000142;58133703000178;284;;;0;H;20160504
V;10369661000142;58133703000178;284;;;0;H;20160505
V;10369661000142;58133703000178;285;;;75;H;20160501
V;10369661000142;58133703000178;285;;;75;H;20160502
V;10369661000142;58133703000178;285;;;75;H;20160503
V;10369661000142;58133703000178;285;;;75;H;20160504
V;10369661000142;58133703000178;285;;;75;H;20160505
V;10369661000142;10369661000495;,;;;8;H;20160501
V;10369661000142;10369661000495;,;;;8;H;20160502
V;10369661000142;10369661000495;,;;;8;H;20160503
V;10369661000142;10369661000495;,;;;8;H;20160504
V;10369661000142;10369661000495;,;;;8;H;20160505
V;10369661000142;58133703000178;288;;;0;H;20160501
V;10369661000142;58133703000178;288;;;0;H;20160502
V;10369661000142;58133703000178;288;;;0;H;20160503
V;10369661000142;58133703000178;288;;;0;H;20160504
V;10369661000142;58133703000178;288;;;0;H;20160505
V;10369661000142;58133703000178;289;;;0;H;20160501
V;10369661000142;58133703000178;289;;;0;H;20160502
V;10369661000142;58133703000178;289;;;0;H;20160503
V;10369661000142;58133703000178;289;;;0;H;20160504
V;10369661000142;58133703000178;289;;;0;H;20160505
V;10369661000142;58133703000178;292;;;0;H;20160501
V;10369661000142;58133703000178;292;;;0;H;20160502
V;10369661000142;58133703000178;292;;;0;H;20160503
V;10369661000142;58133703000178;292;;;0;H;20160504
V;10369661000142;58133703000178;292;;;0;H;20160505
V;10369661000142;58133703000178;293;;;0;H;20160501
V;10369661000142;58133703000178;293;;;0;H;20160502
V;10369661000142;58133703000178;293;;;0;H;20160503
V;10369661000142;58133703000178;293;;;0;H;20160504
V;10369661000142;58133703000178;293;;;0;H;20160505
V;10369661000142;58133703000178;297;;;1;H;20160501
V;10369661000142;58133703000178;297;;;1;H;20160502
V;10369661000142;58133703000178;297;;;1;H;20160503
V;10369661000142;58133703000178;297;;;1;H;20160504
V;10369661000142;58133703000178;297;;;1;H;20160505
V;10369661000142;58133703000178;298;;;60;H;20160501
V;10369661000142;58133703000178;298;;;60;H;20160502
V;10369661000142;58133703000178;298;;;60;H;20160503
V;10369661000142;58133703000178;298;;;60;H;20160504
V;10369661000142;58133703000178;298;;;60;H;20160505
V;10369661000142;05480599002256;299;;;474;H;20160501
V;10369661000142;05480599002256;299;;;474;H;20160502
V;10369661000142;05480599002256;299;;;474;H;20160503
V;10369661000142;05480599002256;299;;;474;H;20160504
V;10369661000142;05480599002256;299;;;474;H;20160505
V;10369661000142;05480599002256;299;;;0;H;20160501
V;10369661000142;05480599002256;299;;;0;H;20160502
V;10369661000142;05480599002256;299;;;0;H;20160503
V;10369661000142;05480599002256;299;;;0;H;20160504
V;10369661000142;05480599002256;299;;;0;H;20160505
V;10369661000142;10894410000187;300;;;0;H;20160501
V;10369661000142;10894410000187;300;;;0;H;20160502
V;10369661000142;10894410000187;300;;;0;H;20160503
V;10369661000142;10894410000187;300;;;0;H;20160504
V;10369661000142;10894410000187;300;;;0;H;20160505
V;10369661000142;47626510000132;301;;;0;H;20160501
V;10369661000142;47626510000132;301;;;0;H;20160502
V;10369661000142;47626510000132;301;;;0;H;20160503
V;10369661000142;47626510000132;301;;;0;H;20160504
V;10369661000142;47626510000132;301;;;0;H;20160505
V;10369661000142;60744463001080;302;;;0;H;20160501
V;10369661000142;60744463001080;302;;;0;H;20160502
V;10369661000142;60744463001080;302;;;0;H;20160503
V;10369661000142;60744463001080;302;;;0;H;20160504
V;10369661000142;60744463001080;302;;;0;H;20160505
V;10369661000142;96832076000314;303;;;19;H;20160501
V;10369661000142;96832076000314;303;;;19;H;20160502
V;10369661000142;96832076000314;303;;;19;H;20160503
V;10369661000142;96832076000314;303;;;19;H;20160504
V;10369661000142;18459628002088;305;;;0;H;20160501
V;10369661000142;18459628002088;305;;;0;H;20160502
V;10369661000142;18459628002088;305;;;0;H;20160503
V;10369661000142;18459628002088;305;;;0;H;20160504
V;10369661000142;18459628002088;305;;;0;H;20160505
V;10369661000142;18459628002088;306;;;14;H;20160501
V;10369661000142;18459628002088;306;;;14;H;20160502
V;10369661000142;18459628002088;306;;;14;H;20160503
V;10369661000142;18459628002088;306;;;14;H;20160504
V;10369661000142;18459628002088;306;;;14;H;20160505
V;10369661000142;76719525000305;732;;;46;H;20160501
V;10369661000142;76719525000305;732;;;46;H;20160502
V;10369661000142;76719525000305;732;;;46;H;20160503
V;10369661000142;76719525000305;732;;;46;H;20160504
V;10369661000142;76719525000305;732;;;46;H;20160505
V;10369661000142;10369661000495;1094;;;0;H;20160501
V;10369661000142;10369661000495;1094;;;0;H;20160502
V;10369661000142;10369661000495;1094;;;0;H;20160503
V;10369661000142;10369661000495;1094;;;0;H;20160504
V;10369661000142;10369661000495;1094;;;0;H;20160505
V;10369661000142;47180625002190;TRUP;;;75;H;20160501
V;10369661000142;47180625002190;TRUP;;;75;H;20160502
V;10369661000142;47180625002190;TRUP;;;75;H;20160503
V;10369661000142;47180625002190;TRUP;;;75;H;20160504
V;10369661000142;47180625002190;TRUP;;;75;H;20160505
V;10369661000142;47180625002190;TRUP;;;50;H;20160501
V;10369661000142;47180625002190;TRUP;;;50;H;20160502
V;10369661000142;47180625002190;TRUP;;;50;H;20160503
V;10369661000142;47180625002190;TRUP;;;50;H;20160504
V;10369661000142;47180625002190;TRUP;;;50;H;20160505
V;10369661000142;47180625002190;1503;;;3;H;20160501
V;10369661000142;47180625002190;1503;;;3;H;20160502
V;10369661000142;47180625002190;1503;;;3;H;20160503
V;10369661000142;47180625002190;1503;;;3;H;20160504
V;10369661000142;47180625002190;1503;;;3;H;20160505
V;10369661000142;60744463001080;1723;;;0;H;20160501
V;10369661000142;60744463001080;1723;;;0;H;20160502
V;10369661000142;60744463001080;1723;;;0;H;20160503
V;10369661000142;60744463001080;1723;;;0;H;20160504
V;10369661000142;47180625002190;1724;;;0;H;20160501
V;10369661000142;47180625002190;1724;;;0;H;20160502
V;10369661000142;47180625002190;1724;;;0;H;20160503
V;10369661000142;47180625002190;1724;;;0;H;20160504
V;10369661000142;47180625002190;1724;;;0;H;20160505
V;10369661000142;47180625002190;1724;;;1;H;20160501
V;10369661000142;47180625002190;1724;;;1;H;20160502
V;10369661000142;47180625002190;1724;;;1;H;20160503
V;10369661000142;47180625002190;1724;;;1;H;20160504
V;10369661000142;47180625002190;1724;;;1;H;20160505
V;10369661000142;23361306001060;1740;;;226;H;20160501
V;10369661000142;23361306001060;1740;;;226;H;20160502
V;10369661000142;23361306001060;1740;;;226;H;20160503
V;10369661000142;23361306001060;1740;;;226;H;20160504
V;10369661000142;23361306001060;1740;;;226;H;20160505
V;10369661000142;23361306001060;1740;;;10;H;20160501
V;10369661000142;23361306001060;1740;;;10;H;20160502
V;10369661000142;23361306001060;1740;;;10;H;20160503
V;10369661000142;23361306001060;1740;;;10;H;20160504
V;10369661000142;23361306001060;1740;;;10;H;20160505
V;10369661000142;23361306001060;1741;;;3;H;20160501
V;10369661000142;23361306001060;1741;;;3;H;20160502
V;10369661000142;23361306001060;1741;;;3;H;20160503
V;10369661000142;23361306001060;1741;;;3;H;20160504
V;10369661000142;23361306001060;1741;;;3;H;20160505
V;10369661000142;23361306001060;1741;;;7;H;20160501
V;10369661000142;23361306001060;1741;;;7;H;20160502
V;10369661000142;23361306001060;1741;;;7;H;20160503
V;10369661000142;23361306001060;1741;;;7;H;20160504
V;10369661000142;23361306001060;1741;;;7;H;20160505
V;10369661000142;23361306001060;1744;;;105;H;20160501
V;10369661000142;23361306001060;1744;;;105;H;20160502
V;10369661000142;23361306001060;1744;;;105;H;20160503
V;10369661000142;23361306001060;1744;;;105;H;20160504
V;10369661000142;23361306001060;1744;;;105;H;20160505
V;10369661000142;23361306001060;1745;;;0;H;20160501
V;10369661000142;23361306001060;1745;;;0;H;20160502
V;10369661000142;23361306001060;1745;;;0;H;20160503
V;10369661000142;23361306001060;1745;;;0;H;20160504
V;10369661000142;23361306001060;1745;;;0;H;20160505
V;10369661000142;42462952000177;1780;;;18;H;20160501
V;10369661000142;42462952000177;1780;;;18;H;20160502
V;10369661000142;42462952000177;1780;;;18;H;20160503
V;10369661000142;42462952000177;1780;;;18;H;20160504
V;10369661000142;42462952000177;1780;;;18;H;20160505
V;10369661000142;42462952000177;1781;;;1;H;20160501
V;10369661000142;42462952000177;1781;;;1;H;20160502
V;10369661000142;42462952000177;1781;;;1;H;20160503
V;10369661000142;42462952000177;1781;;;1;H;20160504
V;10369661000142;42462952000177;1781;;;1;H;20160505
V;10369661000142;18459628002088;1800;;;8;H;20160501
V;10369661000142;18459628002088;1800;;;8;H;20160502
V;10369661000142;18459628002088;1800;;;8;H;20160503
V;10369661000142;18459628002088;1800;;;8;H;20160504
V;10369661000142;18459628002088;1800;;;8;H;20160505
V;10369661000142;03237990000174;1801;;;5;H;20160501
V;10369661000142;03237990000174;1801;;;5;H;20160502
V;10369661000142;03237990000174;1801;;;5;H;20160503
V;10369661000142;03237990000174;1801;;;5;H;20160504
V;10369661000142;03237990000174;1801;;;5;H;20160505
V;10369661000142;60744463001080;1804;;;23;H;20160501
V;10369661000142;60744463001080;1804;;;23;H;20160502
V;10369661000142;60744463001080;1804;;;23;H;20160503
V;10369661000142;60744463001080;1804;;;23;H;20160504
V;10369661000142;60744463001080;1804;;;23;H;20160505
V;10369661000142;60744463001080;1805;;;47;H;20160501
V;10369661000142;60744463001080;1805;;;47;H;20160502
V;10369661000142;60744463001080;1805;;;47;H;20160503
V;10369661000142;60744463001080;1805;;;47;H;20160504
V;10369661000142;60744463001080;1805;;;47;H;20160505
V;10369661000142;60744463001080;1806;;;9;H;20160501
V;10369661000142;60744463001080;1806;;;9;H;20160502
V;10369661000142;60744463001080;1806;;;9;H;20160503
V;10369661000142;60744463001080;1806;;;9;H;20160504
V;10369661000142;60744463001080;1806;;;9;H;20160505
V;10369661000142;08789294000194;1910;;;2;H;20160501
V;10369661000142;08789294000194;1910;;;2;H;20160502
V;10369661000142;08789294000194;1910;;;2;H;20160503
V;10369661000142;08789294000194;1910;;;2;H;20160504
V;10369661000142;08789294000194;1910;;;2;H;20160505
V;10369661000142;08789294000194;1910;;;5;H;20160501
V;10369661000142;08789294000194;1910;;;5;H;20160502
V;10369661000142;08789294000194;1910;;;5;H;20160503
V;10369661000142;08789294000194;1910;;;5;H;20160504
V;10369661000142;08789294000194;1910;;;5;H;20160505
V;10369661000142;10369661000495;1915;;;20;H;20160501
V;10369661000142;10369661000495;1915;;;20;H;20160502
V;10369661000142;10369661000495;1915;;;20;H;20160503
V;10369661000142;10369661000495;1915;;;20;H;20160504
V;10369661000142;10369661000495;1915;;;20;H;20160505
V;10369661000142;10369661000495;1915;;;24;H;20160501
V;10369661000142;10369661000495;1915;;;24;H;20160502
V;10369661000142;10369661000495;1915;;;24;H;20160503
V;10369661000142;10369661000495;1915;;;24;H;20160504
V;10369661000142;10369661000495;1915;;;24;H;20160505
V;10369661000142;08789294000194;1916;;;556;H;20160501
V;10369661000142;08789294000194;1916;;;556;H;20160502
V;10369661000142;08789294000194;1916;;;556;H;20160503
V;10369661000142;08789294000194;1916;;;556;H;20160504
V;10369661000142;08789294000194;1916;;;556;H;20160505
V;10369661000142;08789294000194;1916;;;56;H;20160501
V;10369661000142;08789294000194;1916;;;56;H;20160502
V;10369661000142;08789294000194;1916;;;56;H;20160503
V;10369661000142;08789294000194;1916;;;56;H;20160504
V;10369661000142;08789294000194;1916;;;56;H;20160505
V;10369661000142;08789294000194;1917;;;20;H;20160501
V;10369661000142;08789294000194;1917;;;20;H;20160502
V;10369661000142;08789294000194;1917;;;20;H;20160503
V;10369661000142;08789294000194;1917;;;20;H;20160504
V;10369661000142;08789294000194;1917;;;20;H;20160505
V;10369661000142;47180625002190;1929;;;35;H;20160501
V;10369661000142;47180625002190;1929;;;35;H;20160502
V;10369661000142;47180625002190;1929;;;35;H;20160503
V;10369661000142;47180625002190;1929;;;35;H;20160504
V;10369661000142;47180625002190;1929;;;35;H;20160505
V;10369661000142;47180625002190;1929;;;29;H;20160501
V;10369661000142;47180625002190;1929;;;29;H;20160502
V;10369661000142;47180625002190;1929;;;29;H;20160503
V;10369661000142;47180625002190;1929;;;29;H;20160504
V;10369661000142;47180625002190;1929;;;29;H;20160505
V;10369661000142;11977831000304;1983;;;0;H;20160501
V;10369661000142;11977831000304;1983;;;0;H;20160502
V;10369661000142;11977831000304;1983;;;0;H;20160503
V;10369661000142;11977831000304;1983;;;0;H;20160504
V;10369661000142;11977831000304;1983;;;0;H;20160505
V;10369661000142;07467822000126;2004;;;142;H;20160501
V;10369661000142;07467822000126;2004;;;142;H;20160502
V;10369661000142;07467822000126;2004;;;142;H;20160503
V;10369661000142;07467822000126;2004;;;142;H;20160504
V;10369661000142;07467822000126;2004;;;142;H;20160505
V;10369661000142;07467822000126;2004;;;191;H;20160501
V;10369661000142;07467822000126;2004;;;191;H;20160502
V;10369661000142;07467822000126;2004;;;191;H;20160503
V;10369661000142;07467822000126;2004;;;191;H;20160504
V;10369661000142;07467822000126;2004;;;191;H;20160505
V;10369661000142;11977831000134;2008;;;1;H;20160501
V;10369661000142;11977831000134;2008;;;1;H;20160502
V;10369661000142;11977831000134;2008;;;1;H;20160503
V;10369661000142;11977831000134;2008;;;1;H;20160504
V;10369661000142;11977831000134;2008;;;1;H;20160505
V;10369661000142;10369661000495;2012;;;0;H;20160501
V;10369661000142;10369661000495;2012;;;0;H;20160502
V;10369661000142;10369661000495;2012;;;0;H;20160503
V;10369661000142;10369661000495;2012;;;0;H;20160504
V;10369661000142;10369661000495;2012;;;0;H;20160505
V;10369661000142;00187467000192;2013;;;460;H;20160501
V;10369661000142;00187467000192;2013;;;460;H;20160502
V;10369661000142;00187467000192;2013;;;460;H;20160503
V;10369661000142;00187467000192;2013;;;460;H;20160504
V;10369661000142;00187467000192;2013;;;460;H;20160505
V;10369661000142;00187467000192;2013;;;600;H;20160501
V;10369661000142;00187467000192;2013;;;600;H;20160502
V;10369661000142;00187467000192;2013;;;600;H;20160503
V;10369661000142;00187467000192;2013;;;600;H;20160504
V;10369661000142;00187467000192;2013;;;600;H;20160505
V;10369661000142;00187467000192;2014;;;34;H;20160501
V;10369661000142;00187467000192;2014;;;34;H;20160502
V;10369661000142;00187467000192;2014;;;34;H;20160503
V;10369661000142;00187467000192;2014;;;34;H;20160504
V;10369661000142;00187467000192;2014;;;34;H;20160505
V;10369661000142;00187467000192;2014;;;228;H;20160501
V;10369661000142;00187467000192;2014;;;228;H;20160502
V;10369661000142;00187467000192;2014;;;228;H;20160503
V;10369661000142;00187467000192;2014;;;228;H;20160504
V;10369661000142;00187467000192;2014;;;228;H;20160505
V;10369661000142;05772606000401;2017;;;25;H;20160501
V;10369661000142;05772606000401;2017;;;25;H;20160502
V;10369661000142;05772606000401;2017;;;25;H;20160503
V;10369661000142;05772606000401;2017;;;25;H;20160504
V;10369661000142;05772606000401;2017;;;25;H;20160505
V;10369661000142;05772606000401;2017;;;0;H;20160501
V;10369661000142;05772606000401;2017;;;0;H;20160502
V;10369661000142;05772606000401;2017;;;0;H;20160503
V;10369661000142;05772606000401;2017;;;0;H;20160504
V;10369661000142;05772606000401;2017;;;0;H;20160505
V;10369661000142;05772606000401;2018;;;551;H;20160501
V;10369661000142;05772606000401;2018;;;551;H;20160502
V;10369661000142;05772606000401;2018;;;549;H;20160503
V;10369661000142;05772606000401;2018;;;549;H;20160504
V;10369661000142;05772606000401;2018;;;549;H;20160505
V;10369661000142;05772606000401;2019;;;15;H;20160501
V;10369661000142;05772606000401;2019;;;15;H;20160502
V;10369661000142;05772606000401;2019;;;15;H;20160503
V;10369661000142;05772606000401;2019;;;15;H;20160504
V;10369661000142;05772606000401;2019;;;15;H;20160505
V;10369661000142;05772606000401;2019;;;0;H;20160501
V;10369661000142;05772606000401;2019;;;0;H;20160502
V;10369661000142;05772606000401;2019;;;0;H;20160503
V;10369661000142;05772606000401;2019;;;0;H;20160504
V;10369661000142;05772606000401;2019;;;0;H;20160505
V;10369661000142;47180625002190;2023;;;317;H;20160501
V;10369661000142;47180625002190;2023;;;317;H;20160502
V;10369661000142;47180625002190;2023;;;260;H;20160503
V;10369661000142;47180625002190;2023;;;260;H;20160504
V;10369661000142;47180625002190;2023;;;260;H;20160505
V;10369661000142;47180625002190;2024;;;47;H;20160501
V;10369661000142;47180625002190;2024;;;47;H;20160502
V;10369661000142;47180625002190;2024;;;47;H;20160503
V;10369661000142;47180625002190;2024;;;47;H;20160504
V;10369661000142;47180625002190;2024;;;47;H;20160505
V;10369661000142;47180625002190;2024;;;138;H;20160501
V;10369661000142;47180625002190;2024;;;138;H;20160502
V;10369661000142;47180625002190;2024;;;138;H;20160503
V;10369661000142;47180625002190;2024;;;138;H;20160504
V;10369661000142;47180625002190;2024;;;138;H;20160505
V;10369661000142;47180625002190;2025;;;32;H;20160501
V;10369661000142;47180625002190;2025;;;32;H;20160502
V;10369661000142;47180625002190;2025;;;32;H;20160503
V;10369661000142;47180625002190;2025;;;32;H;20160504
V;10369661000142;47180625002190;2025;;;32;H;20160505
V;10369661000142;47180625002190;2025;;;44;H;20160501
V;10369661000142;47180625002190;2025;;;44;H;20160502
V;10369661000142;47180625002190;2025;;;44;H;20160503
V;10369661000142;47180625002190;2025;;;44;H;20160504
V;10369661000142;47180625002190;2025;;;44;H;20160505
V;10369661000142;61142550000130;2030;;;39;H;20160501
V;10369661000142;61142550000130;2030;;;39;H;20160502
V;10369661000142;61142550000130;2030;;;39;H;20160503
V;10369661000142;61142550000130;2030;;;39;H;20160504
V;10369661000142;61142550000130;2030;;;39;H;20160505
V;10369661000142;10369661000142;2048;;;12;H;20160501
V;10369661000142;10369661000142;2048;;;12;H;20160502
V;10369661000142;10369661000142;2048;;;12;H;20160503
V;10369661000142;10369661000142;2048;;;12;H;20160504
V;10369661000142;10369661000142;2048;;;12;H;20160505
V;10369661000142;05772606000401;2062;;;6;H;20160501
V;10369661000142;05772606000401;2062;;;6;H;20160502
V;10369661000142;05772606000401;2062;;;6;H;20160503
V;10369661000142;05772606000401;2062;;;6;H;20160504
V;10369661000142;05772606000401;2062;;;6;H;20160505
V;10369661000142;05772606000401;2063;;;5;H;20160501
V;10369661000142;05772606000401;2063;;;5;H;20160502
V;10369661000142;05772606000401;2063;;;5;H;20160503
V;10369661000142;05772606000401;2063;;;5;H;20160504
V;10369661000142;10369661000142;2069;;;50;H;20160501
V;10369661000142;10369661000142;2069;;;50;H;20160502
V;10369661000142;10369661000142;2069;;;50;H;20160503
V;10369661000142;10369661000142;2069;;;50;H;20160504
V;10369661000142;10369661000142;2069;;;50;H;20160505
V;10369661000142;11977831000134;2072;;;0;H;20160501
V;10369661000142;11977831000134;2072;;;0;H;20160502
V;10369661000142;11977831000134;2072;;;0;H;20160503
V;10369661000142;11977831000134;2072;;;0;H;20160504
V;10369661000142;11977831000134;2072;;;0;H;20160505
V;10369661000142;07467822000711;2091;;;0;H;20160501
V;10369661000142;07467822000711;2091;;;0;H;20160502
V;10369661000142;07467822000711;2091;;;0;H;20160503
V;10369661000142;07467822000711;2091;;;0;H;20160504
V;10369661000142;07467822000711;2091;;;0;H;20160505
V;10369661000142;11977831000304;2112;;;0;H;20160501
V;10369661000142;11977831000304;2112;;;0;H;20160502
V;10369661000142;11977831000304;2112;;;0;H;20160503
V;10369661000142;11977831000304;2112;;;0;H;20160504
V;10369661000142;11977831000304;2112;;;0;H;20160505
V;10369661000142;07467822000126;2134;;;0;H;20160501
V;10369661000142;07467822000126;2134;;;0;H;20160502
V;10369661000142;07467822000126;2134;;;0;H;20160503
V;10369661000142;07467822000126;2134;;;0;H;20160504
V;10369661000142;07467822000126;2134;;;0;H;20160505
V;10369661000142;18459628008795;2176;;;0;H;20160501
V;10369661000142;18459628008795;2176;;;0;H;20160502
V;10369661000142;18459628008795;2176;;;0;H;20160503
V;10369661000142;18459628008795;2176;;;0;H;20160504
V;10369661000142;18459628008795;2176;;;0;H;20160505
V;10369661000142;18459628008795;2177;;;0;H;20160501
V;10369661000142;18459628008795;2177;;;0;H;20160502
V;10369661000142;18459628008795;2177;;;0;H;20160503
V;10369661000142;18459628008795;2177;;;0;H;20160504
V;10369661000142;18459628008795;2177;;;0;H;20160505
V;10369661000142;18459628008795;2178;;;0;H;20160501
V;10369661000142;18459628008795;2178;;;0;H;20160502
V;10369661000142;18459628008795;2178;;;0;H;20160503
V;10369661000142;18459628008795;2178;;;0;H;20160504
V;10369661000142;18459628008795;2178;;;0;H;20160505
V;10369661000142;60744463001080;2189;;;0;H;20160501
V;10369661000142;60744463001080;2189;;;0;H;20160502
V;10369661000142;60744463001080;2189;;;0;H;20160503
V;10369661000142;60744463001080;2189;;;0;H;20160504
V;10369661000142;60744463001080;2189;;;0;H;20160505
V;10369661000142;08636452001300;2190;;;0;H;20160501
V;10369661000142;08636452001300;2190;;;0;H;20160502
V;10369661000142;08636452001300;2190;;;0;H;20160503
V;10369661000142;08636452001300;2190;;;0;H;20160504
V;10369661000142;08636452001300;2190;;;0;H;20160505
V;10369661000142;60744463001080;2193;;;0;H;20160501
V;10369661000142;60744463001080;2193;;;0;H;20160502
V;10369661000142;60744463001080;2193;;;0;H;20160503
V;10369661000142;60744463001080;2193;;;0;H;20160504
V;10369661000142;60744463001080;2193;;;0;H;20160505
V;10369661000142;67148692000271;2219;;;0;H;20160501
V;10369661000142;67148692000271;2219;;;0;H;20160502
V;10369661000142;67148692000271;2219;;;0;H;20160503
V;10369661000142;67148692000271;2219;;;0;H;20160504
V;10369661000142;67148692000271;2219;;;0;H;20160505
V;10369661000142;61142550000130;2246;;;0;H;20160501
V;10369661000142;61142550000130;2246;;;0;H;20160502
V;10369661000142;61142550000130;2246;;;0;H;20160503
V;10369661000142;61142550000130;2246;;;0;H;20160504
V;10369661000142;61142550000130;2246;;;0;H;20160505
E
