H;10369661000142;20160107;20170613
V;00187467000192;11453;E;560384;72000;20160304;20160311
V;00187467000192;11809;E;1485131;48000;20160401;20160402
V;00187467000192;11810;E;1844496;50000;20160401;20160402
V;00187467000192;11921;E;1105989;24000;20160413;20160422
V;00187467000192;12203;E;523993;24000;20160518;20160520
V;00187467000192;12474;E;2229276;384000;20160917;20161006
V;00187467000192;15748;E;564750;240000;20160201;20160217
V;00187467000192;18499;E;1004430;360000;20160831;20160922
V;00187467000192;18500;E;94704;24000;20160831;20160922
V;00187467000192;20860;E;446932;240000;20170303;20170316
V;00187467000192;29761;E;263764;48000;20161205;20161210
V;00187467000192;32138;E;2597392;96000;20170121;20170123
V;00187467000192;34405;E;11116374;30000;20170304;20170304
V;00187467000192;34434;E;442360;240000;20170316;20170316
V;01685057000134;26;E;327999;2000;20160817;20160822
V;01685057000134;26;E;327999;2000;20160817;20160920
V;01685057000134;34;E;327999;2000;20161006;20161007
V;01685057000134;42;E;800000;5000;20161123;20161125
V;01685057000134;48;E;491999;3000;20170104;20170105
V;01685057000134;25030;E;4660000;3000;20160810;20160820
V;01685057000134;26247;E;680000;5000;20161117;20161122
V;01685057000134;26566;E;544000;4000;20161212;20161221
V;01685057000134;26702;E;40000;1000;20161221;20161227
V;01685057000134;29520;E;680000;5000;20161122;20161122
V;01789121000208;12314;E;121416;60000;20160622;20160627
V;01789121000208;14852;E;1301754;30000;20170425;20170425
V;01789121000208;14979;E;481355;3000;20170426;20170427
V;01789121000208;25786;E;219388;200000;20160818;20160830
V;01789121000208;25828;E;991325;500000;20160818;20160830
V;01789121000208;26138;E;55500;300000;20160827;20160830
V;01789121000208;28085;E;3284140;50000;20161021;20161025
V;01789121000208;34402;E;13502214;47000;20170304;20170304
V;01789121000208;39939;E;557100;300000;20160510;20160531
V;02290510000176;10221;E;1200960;480000;20151219;20160120
V;02290510000176;10420;E;329663;12000;20160107;20160122
V;02290510000176;10459;E;88054;12000;20160111;20160122
V;02290510000176;10485;E;41383;12000;20160112;20160122
V;02290510000176;10487;E;6140;1000;20160112;20160122
V;02290510000176;10489;E;57668;24000;20160112;20160122
V;02290510000176;10497;E;377856;288000;20160112;20160113
V;02290510000176;10510;E;1078020;360000;20160112;20160122
V;02290510000176;10516;E;19645;1000;20160113;20160122
V;02290510000176;10545;E;894983;44000;20160113;20160113
V;02290510000176;10565;E;187200;12000;20160114;20160114
V;02290510000176;10582;E;1614601;24000;20160114;20160114
V;02290510000176;10613;E;1253580;204000;20160116;20160122
V;02290510000176;10675;E;188928;144000;20160119;20160125
V;02290510000176;10733;E;1051680;16000;20160121;20160125
V;02290510000176;10734;E;201801;16000;20160121;20160127
V;02290510000176;10901;E;903417;3000;20160128;20160201
V;02290510000176;11926;E;875584;3000;20160413;20160422
V;02290510000176;12559;E;4082600;132000;20161213;20161215
V;02290510000176;17581;E;878014;84000;20160113;20160113
V;02290510000176;17823;E;3122492;5000;20160119;20160120
V;02290510000176;19029;E;615000;41000;20151215;20160119
V;02290510000176;19326;E;4155380;136000;20161130;20161210
V;02290510000176;19328;E;4088400;29000;20161130;20161203
V;02290510000176;19504;E;1012629;11000;20160225;20160226
V;02290510000176;19882;E;521640;84000;20160113;20160122
V;02290510000176;19925;E;2643600;160000;20160114;20160114
V;02290510000176;20031;E;4308057;2000;20160116;20160122
V;02290510000176;20584;E;31200;2000;20160129;20160129
V;02290510000176;20693;E;6755930;10000;20160202;20160203
V;02290510000176;21014;E;251484;12000;20160213;20160222
V;02290510000176;28085;E;555300;5000;20160928;20160928
V;02290510000176;28085;E;555300;5000;20160928;20161004
V;02290510000176;31150;E;1244626;48000;20170105;20170106
V;02290510000176;32005;E;669800;40000;20170119;20170120
V;02290510000176;32180;E;673450;10000;20170123;20170123
V;02290510001490;12559;E;4082600;25000;20161213;20161215
V;02290510001490;19326;E;4155380;25000;20161130;20161210
V;02290510001490;19328;E;4088400;128000;20161130;20161203
V;02492003000115;10248;E;1980000;120000;20160810;20160820
V;02492003000115;33201;E;499620;3000;20170208;20170208
V;03237990000174;12302;E;626428;33000;20160608;20160610
V;03237990000174;14267;E;677813;24000;20170408;20170408
V;03237990000174;15312;E;334522;48000;20170505;20170506
V;03237990000174;15932;E;135051;96000;20170520;20170520
V;03237990000174;16628;E;119002;98000;20151215;20160125
V;03237990000174;17581;E;878014;25000;20160113;20160113
V;03237990000174;19034;E;504660;14000;20160216;20160222
V;03237990000174;19504;E;1012629;56000;20160225;20160226
V;03237990000174;20012;E;354994;50000;20160309;20160311
V;03237990000174;20929;E;21824;48000;20160405;20160414
V;03237990000174;24786;E;879630;28000;20160721;20160722
V;03237990000174;34404;E;4916021;328000;20170304;20170304
V;03237990000174;51351;E;1459140;420000;20160126;20160223
V;03237990000174;53802;E;711141;100000;20160330;20160418
V;03237990000174;55645;E;577803;240000;20160519;20160530
V;03237990000174;56846;E;510983;70000;20160628;20160630
V;03237990000174;57369;E;1592610;5000;20160715;20160806
V;03237990000174;60242;E;2294555;240000;20161021;20161024
V;03237990000174;61495;E;676305;500000;20161123;20161210
V;03237990000174;62638;E;939221;260000;20161222;20170105
V;03237990000174;65078;E;233100;700000;20170303;20170318
V;03237990000174;67526;E;1122358;120000;20170511;20170517
V;03237990000174;67856;E;351745;600000;20170519;20170602
V;05480599002256;68;E;533997;24000;20170411;20170411
V;05480599002256;72;E;444998;20000;20170420;20170420
V;05480599002256;73;E;533997;24000;20170425;20170426
V;05480599002256;79;E;444998;20000;20170519;20170519
V;05480599002256;11188;E;708408;84000;20160215;20160222
V;05480599002256;11194;E;5125360;36000;20160215;20160222
V;05480599002256;11210;E;72400;12000;20160217;20160222
V;05480599002256;11625;E;1334400;60000;20160316;20160318
V;05480599002256;11643;E;74976;24000;20160317;20160318
V;05480599002256;11690;E;23520;12000;20160321;20160322
V;05480599002256;11721;E;2863920;480000;20160201;20160222
V;05480599002256;11733;E;2176057;121000;20160324;20160328
V;05480599002256;11777;E;1169193;24000;20160330;20160330
V;05480599002256;11812;E;822574;3000;20160401;20160402
V;05480599002256;11840;E;2352000;1200000;20160218;20160229
V;05480599002256;11865;E;615962;7000;20160406;20160406
V;05480599002256;11866;E;1652835;12000;20160406;20160422
V;05480599002256;11867;E;2592884;15000;20160406;20160415
V;05480599002256;11869;E;1326296;12000;20160406;20160422
V;05480599002256;13107;E;368642;1000;20170314;20170314
V;05480599002256;13932;E;3021680;40000;20170330;20170331
V;05480599002256;14128;E;501572;4000;20170405;20170405
V;05480599002256;16575;E;325344;48000;20170601;20170601
V;05480599002256;17050;E;285516;24000;20170612;20170612
V;05480599002256;21787;E;976400;240000;20160303;20160311
V;05480599002256;33648;E;1075808;36000;20170224;20170303
V;05480599002256;33768;E;3860281;20000;20170302;20170322
V;05480599002256;33821;E;1152182;24000;20170302;20170303
V;05480599002256;34402;E;13502214;1000;20170304;20170304
V;05480599002256;34414;E;13799357;109000;20170307;20170307
V;05480599002256;34451;E;1677240;300000;20170325;20170325
V;05480599002256;34471;E;358258;24000;20170404;20170404
V;05480599002256;46457;E;5581400;432000;20170123;20170130
V;05480599002256;46458;E;3661400;332000;20170123;20170203
V;05480599002256;46865;E;1765800;648000;20170206;20170211
V;05480599002256;46866;E;1710800;640000;20170206;20170213
V;05480599002256;47818;E;454800;240000;20170314;20170325
V;05480599002256;47820;E;1536000;80000;20170314;20170325
V;05480599002256;47821;E;454800;240000;20170314;20170325
V;05480599002256;47822;E;1152000;60000;20170314;20170325
V;05772606000401;3748;E;1194000;600000;20170216;20170303
V;05772606000401;6175;E;1472800;656000;20160216;20160229
V;05772606000401;6321;E;1796400;876000;20160317;20160331
V;05772606000401;7604;E;2256000;100000;20160927;20161010
V;05772606000401;7813;E;2256000;100000;20161021;20161110
V;05772606000401;7814;E;560000;80000;20161021;20161110
V;05772606000401;8004;E;1248000;300000;20161111;20161203
V;05772606000401;8005;E;1422000;360000;20161111;20161210
V;05772606000401;11371;E;594600;200000;20160229;20160229
V;05772606000401;11391;E;1984018;120000;20160301;20160314
V;05772606000401;11421;E;119754;12000;20160303;20160311
V;05772606000401;11458;E;659148;84000;20160305;20160311
V;05772606000401;11471;E;386536;1000;20160307;20160311
V;05772606000401;11705;E;113000;6000;20160322;20160323
V;05772606000401;11807;E;208000;20000;20160401;20160402
V;05772606000401;11809;E;1485131;24000;20160401;20160402
V;05772606000401;11811;E;722130;1000;20160401;20160422
V;05772606000401;11812;E;822574;6000;20160401;20160402
V;05772606000401;11827;E;916560;60000;20160402;20160413
V;05772606000401;11863;E;1213041;2000;20160406;20160422
V;05772606000401;11869;E;1326296;3000;20160406;20160422
V;05772606000401;11881;E;1551010;30000;20160408;20160415
V;05772606000401;11918;E;621847;36000;20160413;20160415
V;05772606000401;11926;E;875584;12000;20160413;20160422
V;05772606000401;11947;E;1222899;6000;20160415;20160415
V;05772606000401;11977;E;319250;120000;20160418;20160419
V;05772606000401;12070;E;1400381;1000;20160427;20160429
V;05772606000401;12088;E;33000;5000;20160502;20160509
V;05772606000401;12152;E;2058712;120000;20160510;20160520
V;05772606000401;12221;E;135156;24000;20160519;20160520
V;05772606000401;12223;E;860200;2000;20160519;20160521
V;05772606000401;12304;E;3306520;2000;20160608;20160610
V;05772606000401;12411;E;7311365;60000;20160713;20160829
V;05772606000401;12503;E;14266500;1200000;20161015;20170117
V;05772606000401;12522;E;2816000;1280000;20161101;20161201
V;05772606000401;14267;E;677813;36000;20170408;20170408
V;05772606000401;14852;E;1301754;24000;20170425;20170425
V;05772606000401;15933;E;2388000;1200000;20161227;20170107
V;05772606000401;15934;E;1194000;600000;20161227;20170112
V;05772606000401;16148;E;1194000;600000;20170217;20170303
V;05772606000401;16211;E;810900;60000;20170524;20170525
V;05772606000401;21795;E;52800;11000;20160304;20160311
V;05772606000401;21908;E;4224204;12000;20160307;20160314
V;05772606000401;24615;E;443078;720000;20160716;20160721
V;05772606000401;24820;E;466784;720000;20160722;20160806
V;05772606000401;25129;E;1463648;144000;20160730;20160806
V;05772606000401;27991;E;11280600;360000;20161018;20161019
V;05772606000401;28562;E;8412600;120000;20161105;20161129
V;05772606000401;29458;E;112800;60000;20161128;20161130
V;05772606000401;29651;E;1398200;720000;20161201;20161202
V;05772606000401;30469;E;6733920;600000;20161220;20161224
V;05772606000401;30662;E;1738300;28000;20161224;20161226
V;05772606000401;31672;E;100800;24000;20170113;20170113
V;05772606000401;31878;E;645073;48000;20170117;20170117
V;05772606000401;32038;E;1014470;48000;20170119;20170120
V;05772606000401;32574;E;358200;180000;20170201;20170220
V;05772606000401;33821;E;1152182;3000;20170302;20170303
V;05772606000401;34404;E;4916021;663000;20170304;20170304
V;05772606000401;34564;E;20500;1000;20170324;20170324
V;06369010000185;99692;E;17000;5000;20170519;20170520
V;07467822000126;1248;E;702864;72000;20160419;20160429
V;07467822000126;1569;E;3204600;1308000;20160629;20160630
V;07467822000126;1716;E;14700000;7000000;20161013;20161020
V;07467822000126;4136;E;4400000;2000000;20170104;20170106
V;07467822000126;10373;E;868720;360000;20160105;20160122
V;07467822000126;10419;E;2412352;41000;20160107;20160127
V;07467822000126;10420;E;329663;12000;20160107;20160122
V;07467822000126;10459;E;88054;1000;20160111;20160122
V;07467822000126;10460;E;53060;1000;20160111;20160122
V;07467822000126;10464;E;198685;1000;20160111;20160122
V;07467822000126;10471;E;107260;12000;20160111;20160122
V;07467822000126;10488;E;39360;24000;20160112;20160122
V;07467822000126;10490;E;1690;1000;20160112;20160122
V;07467822000126;10491;E;23330;6000;20160112;20160122
V;07467822000126;10493;E;131512;16000;20160112;20160122
V;07467822000126;10494;E;108216;24000;20160112;20160122
V;07467822000126;10509;E;62460;24000;20160112;20160122
V;07467822000126;10512;E;23893;1000;20160112;20160122
V;07467822000126;10513;E;609097;72000;20160112;20160122
V;07467822000126;10545;E;894983;27000;20160113;20160113
V;07467822000126;10582;E;1614601;265000;20160114;20160114
V;07467822000126;10595;E;1980141;93000;20160115;20160122
V;07467822000126;10624;E;1583452;10000;20160116;20160122
V;07467822000126;10683;E;2467680;180000;20160120;20160128
V;07467822000126;10719;E;287520;8000;20160121;20160128
V;07467822000126;10735;E;533368;34000;20160121;20160201
V;07467822000126;10736;E;2067278;364000;20160121;20160121
V;07467822000126;10737;E;1086510;177000;20160121;20160127
V;07467822000126;10789;E;1377392;24000;20160123;20160128
V;07467822000126;10836;E;5357010;857000;20160126;20160127
V;07467822000126;10901;E;903417;368000;20160128;20160201
V;07467822000126;10903;E;462458;136000;20160128;20160201
V;07467822000126;10904;E;772401;180000;20160128;20160201
V;07467822000126;10941;E;1600800;720000;20160129;20160129
V;07467822000126;10948;E;30492;12000;20160130;20160130
V;07467822000126;10997;E;1879578;360000;20160202;20160206
V;07467822000126;11002;E;1014000;600000;20160202;20160202
V;07467822000126;11174;E;1739796;240000;20160213;20160222
V;07467822000126;11188;E;708408;36000;20160215;20160222
V;07467822000126;11194;E;5125360;360000;20160215;20160222
V;07467822000126;11259;E;612356;16000;20160219;20160222
V;07467822000126;11265;E;1064798;13000;20160220;20160222
V;07467822000126;11289;E;15165212;1951000;20160222;20160226
V;07467822000126;11354;E;3174398;300000;20160226;20160226
V;07467822000126;11371;E;594600;5000;20160229;20160229
V;07467822000126;11391;E;1984018;12000;20160301;20160314
V;07467822000126;11401;E;303300;36000;20160302;20160311
V;07467822000126;11403;E;236406;36000;20160302;20160311
V;07467822000126;11594;E;2296640;21000;20160315;20160315
V;07467822000126;11607;E;730680;420000;20160315;20160318
V;07467822000126;11622;E;1584725;30000;20160315;20160318
V;07467822000126;11624;E;2011560;600000;20160316;20160318
V;07467822000126;11625;E;1334400;720000;20160316;20160318
V;07467822000126;11637;E;812656;408000;20160317;20160318
V;07467822000126;11683;E;678526;62000;20160319;20160321
V;07467822000126;11684;E;1133885;96000;20160319;20160321
V;07467822000126;11721;E;6075544;585000;20160323;20160328
V;07467822000126;11733;E;2176057;29000;20160324;20160328
V;07467822000126;11742;E;144624;60000;20160328;20160328
V;07467822000126;11775;E;1518617;94000;20160330;20160330
V;07467822000126;11776;E;659473;7000;20160330;20160331
V;07467822000126;11777;E;1169193;65000;20160330;20160330
V;07467822000126;11783;E;454824;180000;20160330;20160330
V;07467822000126;11809;E;1485131;12000;20160401;20160402
V;07467822000126;11810;E;1844496;61000;20160401;20160402
V;07467822000126;11811;E;722130;42000;20160401;20160422
V;07467822000126;11812;E;822574;44000;20160401;20160402
V;07467822000126;11821;E;130030;3000;20160401;20160402
V;07467822000126;11827;E;916560;60000;20160402;20160413
V;07467822000126;11847;E;1689960;120000;20160405;20160405
V;07467822000126;11863;E;1213041;34000;20160406;20160422
V;07467822000126;11864;E;1057344;30000;20160406;20160422
V;07467822000126;11865;E;615962;12000;20160406;20160406
V;07467822000126;11866;E;1652835;84000;20160406;20160422
V;07467822000126;11867;E;2592884;689000;20160406;20160415
V;07467822000126;11868;E;1322921;7000;20160406;20160415
V;07467822000126;11869;E;1326296;22000;20160406;20160422
V;07467822000126;11881;E;1551010;68000;20160408;20160415
V;07467822000126;11898;E;657531;12000;20160411;20160411
V;07467822000126;11918;E;621847;44000;20160413;20160415
V;07467822000126;11921;E;1105989;25000;20160413;20160422
V;07467822000126;11925;E;358823;5000;20160413;20160414
V;07467822000126;11926;E;875584;63000;20160413;20160422
V;07467822000126;11927;E;1823750;37000;20160413;20160415
V;07467822000126;11943;E;1876697;484000;20160414;20160415
V;07467822000126;11947;E;1222899;19000;20160415;20160415
V;07467822000126;11960;E;1276200;240000;20160415;20160419
V;07467822000126;11979;E;992750;600000;20160418;20160419
V;07467822000126;11991;E;505198;21000;20160419;20160419
V;07467822000126;12070;E;1400381;75000;20160427;20160429
V;07467822000126;12076;E;412338;28000;20160428;20160429
V;07467822000126;12107;E;654300;48000;20160503;20160509
V;07467822000126;12128;E;1393440;840000;20160505;20160520
V;07467822000126;12152;E;2058712;384000;20160510;20160520
V;07467822000126;12187;E;177120;108000;20160516;20160520
V;07467822000126;12222;E;436684;14000;20160519;20160521
V;07467822000126;12223;E;860200;34000;20160519;20160521
V;07467822000126;12265;E;2995594;121000;20160525;20160527
V;07467822000126;12295;E;3530205;7000;20160606;20160608
V;07467822000126;12304;E;3306520;38000;20160608;20160610
V;07467822000126;12307;E;7098950;1000;20160614;20160621
V;07467822000126;12308;E;4851763;2880000;20160614;20160621
V;07467822000126;12319;E;356095;10000000;20160628;20160711
V;07467822000126;12320;R;6404997;600000;20160629;20160629
V;07467822000126;12321;R;4334052;406000;20160629;20160629
V;07467822000126;12324;E;2742142;10000;20160701;20160714
V;07467822000126;12370;E;19331568;14400000;20160708;20160829
V;07467822000126;12378;E;11259622;45052000;20160708;20160829
V;07467822000126;12385;E;9770830;64000;20160709;20160829
V;07467822000126;12388;E;7126445;3317000;20160711;20160715
V;07467822000126;12394;R;1980003;1200000;20160711;20160711
V;07467822000126;12411;E;7311365;25958000;20160713;20160829
V;07467822000126;12443;E;310900;32000;20160726;20160805
V;07467822000126;12515;R;15092064;10008000;20161026;20161026
V;07467822000126;12536;E;2883262;805000;20161118;20161209
V;07467822000126;12547;E;3252000;2400000;20161201;20161202
V;07467822000126;12548;E;3528420;2604000;20161201;20161209
V;07467822000126;12553;E;6303900;150000;20161207;20161209
V;07467822000126;12581;E;880000;20000;20170106;20170107
V;07467822000126;12586;E;3080000;70000;20170116;20170204
V;07467822000126;12591;E;2641920;1848000;20170124;20170204
V;07467822000126;12592;E;7511004;5004000;20170128;20170204
V;07467822000126;12597;E;4113220;2140000;20170207;20170209
V;07467822000126;12602;E;9949726;836000;20170213;20170217
V;07467822000126;12608;E;6033000;480000;20170225;20170303
V;07467822000126;12610;E;5979000;150000;20170301;20170303
V;07467822000126;12661;E;2350700;115000;20170306;20170307
V;07467822000126;13087;E;417100;24000;20170313;20170316
V;07467822000126;13088;E;305160;120000;20170313;20170316
V;07467822000126;13107;E;368642;60000;20170314;20170314
V;07467822000126;13176;E;342750;41000;20170315;20170316
V;07467822000126;13316;R;1584050;120000;20170317;20170317
V;07467822000126;13352;E;291600;120000;20170318;20170322
V;07467822000126;13469;E;507200;51000;20170321;20170322
V;07467822000126;13522;E;608988;48000;20170322;20170323
V;07467822000126;13932;E;3021680;60000;20170330;20170331
V;07467822000126;14087;E;357764;5000;20170404;20170405
V;07467822000126;14267;E;677813;36000;20170408;20170408
V;07467822000126;14418;E;1905000;30000;20170412;20170412
V;07467822000126;14927;E;2452800;50000;20170425;20170426
V;07467822000126;14983;E;43008;24000;20170426;20170427
V;07467822000126;15251;E;951240;600000;20170504;20170505
V;07467822000126;15312;E;334522;192000;20170505;20170506
V;07467822000126;15348;E;459423;36000;20170506;20170508
V;07467822000126;15493;E;279524;4000;20170510;20170510
V;07467822000126;15543;E;496800;180000;20170511;20170511
V;07467822000126;15611;E;1160;1000;20170512;20170513
V;07467822000126;15687;E;58320;24000;20170515;20170515
V;07467822000126;15838;E;426636;12000;20170518;20170518
V;07467822000126;16156;E;2018301;30000;20170524;20170524
V;07467822000126;16211;E;810900;12000;20170524;20170525
V;07467822000126;16409;E;795196;40000;20170529;20170529
V;07467822000126;17581;E;878014;10000;20160113;20160113
V;07467822000126;17823;E;3122492;978000;20160119;20160120
V;07467822000126;19006;E;99500;8000;20160215;20160222
V;07467822000126;19588;E;2278410;30000;20160227;20160227
V;07467822000126;19750;E;513456;12000;20160302;20160311
V;07467822000126;19779;E;2288000;80000;20160111;20160122
V;07467822000126;19790;E;1866960;30000;20160111;20160113
V;07467822000126;19798;E;286000;10000;20160112;20160122
V;07467822000126;19921;E;2028000;1200000;20160114;20160122
V;07467822000126;19927;E;654160;24000;20160114;20160114
V;07467822000126;19939;E;1180320;44000;20160114;20160114
V;07467822000126;19945;E;6154800;1346000;20160114;20160114
V;07467822000126;20031;E;4308057;624000;20160116;20160122
V;07467822000126;20119;E;4725600;1140000;20160118;20160122
V;07467822000126;20179;E;677289;10000;20160119;20160120
V;07467822000126;20393;E;576408;120000;20160126;20160126
V;07467822000126;20433;E;1363140;30000;20160126;20160126
V;07467822000126;20445;E;1155803;120000;20160630;20160713
V;07467822000126;20557;E;2510030;5000;20160128;20160128
V;07467822000126;20608;E;2990712;30000;20160328;20160331
V;07467822000126;20625;E;1704000;110000;20160329;20160331
V;07467822000126;20679;E;245910;60000;20160201;20160206
V;07467822000126;20693;E;6755930;675000;20160202;20160203
V;07467822000126;20736;E;2028000;1200000;20160202;20160206
V;07467822000126;20737;E;811200;480000;20160202;20160206
V;07467822000126;20761;E;1524047;12000;20160203;20160203
V;07467822000126;20950;E;7576300;125000;20160212;20160222
V;07467822000126;21052;E;6962354;100000;20160215;20160222
V;07467822000126;21553;E;2926415;30000;20160226;20160226
V;07467822000126;22092;E;2155780;220000;20160314;20160314
V;07467822000126;22335;E;1225800;27000;20160213;20160223
V;07467822000126;22386;E;645000;15000;20160321;20160322
V;07467822000126;22424;E;688000;16000;20160323;20160328
V;07467822000126;22458;E;493990;1000;20160523;20160527
V;07467822000126;22496;E;860000;20000;20160328;20160328
V;07467822000126;22497;E;3403880;30000;20160328;20160328
V;07467822000126;22564;E;2386500;110000;20160329;20160331
V;07467822000126;22742;E;2365000;50000;20160310;20160314
V;07467822000126;22901;E;4422928;430000;20160411;20160413
V;07467822000126;23264;E;1075000;25000;20160422;20160429
V;07467822000126;23275;E;1020896;20000;20160422;20160429
V;07467822000126;23322;E;1765180;40000;20160425;20160429
V;07467822000126;23491;E;1505000;35000;20160428;20160429
V;07467822000126;23686;E;774000;18000;20160502;20160509
V;07467822000126;23832;E;3000000;60000;20160509;20160520
V;07467822000126;24287;E;860000;20000;20160520;20160520
V;07467822000126;25025;E;326656;24000;20160609;20160610
V;07467822000126;25030;E;4660000;115000;20160810;20160820
V;07467822000126;25197;E;333730;71000;20160802;20160810
V;07467822000126;25346;E;1174300;37000;20160621;20160621
V;07467822000126;25640;R;4270003;400000;20160629;20160629
V;07467822000126;25828;E;991325;5000;20160818;20160830
V;07467822000126;25896;E;4739820;1455000;20160709;20160715
V;07467822000126;25946;E;918106;36000;20160822;20160830
V;07467822000126;25968;R;4270002;400000;20160711;20160711
V;07467822000126;25969;R;4632953;434000;20160711;20160711
V;07467822000126;26227;E;318800;288000;20160720;20160805
V;07467822000126;26383;E;425800;144000;20160725;20160805
V;07467822000126;26605;E;1800342;12000;20160909;20161006
V;07467822000126;26727;E;338800;1450000;20160808;20160822
V;07467822000126;26784;E;34800;144000;20160809;20160809
V;07467822000126;27020;E;1154325;288000;20160819;20160829
V;07467822000126;27453;E;711803;60000;20160901;20161005
V;07467822000126;27489;E;1611627;3000;20160905;20161005
V;07467822000126;28085;E;3284140;48000;20161021;20161025
V;07467822000126;28614;E;742760;10000;20161021;20161021
V;07467822000126;29232;E;433860;60000;20161110;20161212
V;07467822000126;29390;E;3489820;2400000;20161125;20161130
V;07467822000126;29977;E;6160920;1200000;20161210;20161213
V;07467822000126;30146;E;877200;15000;20161214;20161215
V;07467822000126;30576;E;5079792;260000;20161219;20170103
V;07467822000126;30577;E;7589401;729000;20161222;20161224
V;07467822000126;30662;E;1738300;600000;20161224;20161226
V;07467822000126;30989;E;6205553;380000;20161230;20170102
V;07467822000126;31143;E;4657200;1200000;20170104;20170106
V;07467822000126;31150;E;1244626;266000;20170105;20170106
V;07467822000126;31205;E;1959200;600000;20170105;20170107
V;07467822000126;31240;E;11325240;40000;20170102;20170105
V;07467822000126;31275;E;243900;180000;20170106;20170107
V;07467822000126;31283;E;847220;564000;20170107;20170112
V;07467822000126;31307;E;2899842;124000;20170105;20170203
V;07467822000126;31581;E;947780;140000;20170112;20170203
V;07467822000126;31636;E;1774158;80000;20170112;20170203
V;07467822000126;31716;E;3517440;360000;20170114;20170203
V;07467822000126;31770;E;8139350;70000;20170116;20170117
V;07467822000126;31878;E;645073;8000;20170117;20170117
V;07467822000126;31882;E;1014040;120000;20170117;20170118
V;07467822000126;31928;E;773440;40000;20170118;20170204
V;07467822000126;31938;E;1029280;82000;20170119;20170204
V;07467822000126;32038;E;1014470;72000;20170119;20170120
V;07467822000126;32138;E;2597392;96000;20170121;20170123
V;07467822000126;32206;E;1589107;624000;20170123;20170124
V;07467822000126;32308;E;1690490;180000;20170126;20170204
V;07467822000126;32346;E;1837654;90000;20170127;20170204
V;07467822000126;32429;E;1631350;600000;20170130;20170204
V;07467822000126;32439;E;325200;240000;20170126;20170127
V;07467822000126;32566;E;1063032;72000;20170201;20170220
V;07467822000126;32665;E;875856;8000;20170130;20170131
V;07467822000126;32688;E;5118050;290000;20170203;20170207
V;07467822000126;32805;E;550880;65000;20170206;20170207
V;07467822000126;32825;E;2581804;40000;20170207;20170207
V;07467822000126;32980;E;932960;120000;20170203;20170204
V;07467822000126;33030;E;180120;120000;20170211;20170211
V;07467822000126;33033;E;1945906;40000;20170211;20170211
V;07467822000126;33074;E;976900;181000;20170206;20170207
V;07467822000126;33099;E;845580;20000;20170214;20170220
V;07467822000126;33137;E;892200;620000;20170207;20170217
V;07467822000126;33183;E;76380;12000;20170216;20170221
V;07467822000126;33194;E;238860;20000;20170216;20170220
V;07467822000126;33201;E;499620;220000;20170208;20170208
V;07467822000126;33204;E;397297;27000;20170208;20170208
V;07467822000126;33278;E;120372;4000;20170209;20170211
V;07467822000126;33398;E;3427226;225000;20170218;20170303
V;07467822000126;33404;E;125610;200000;20170213;20170213
V;07467822000126;33437;E;230888;24000;20170213;20170217
V;07467822000126;33446;E;2523445;80000;20170221;20170303
V;07467822000126;33465;E;1836690;30000;20170221;20170303
V;07467822000126;33479;E;693716;25000;20170222;20170303
V;07467822000126;33489;E;34776;7000;20170214;20170217
V;07467822000126;33555;E;1157760;15000;20170223;20170303
V;07467822000126;33558;E;76380;12000;20170223;20170303
V;07467822000126;33603;E;707710;13000;20170224;20170303
V;07467822000126;33648;E;1673920;20000;20170216;20170217
V;07467822000126;33697;E;2556770;360000;20170217;20170221
V;07467822000126;33768;E;3860281;420000;20170302;20170322
V;07467822000126;33871;E;868800;120000;20170221;20170223
V;07467822000126;33883;E;103440;16000;20170304;20170322
V;07467822000126;33928;E;312660;40000;20170307;20170307
V;07467822000126;33937;E;379200;180000;20170222;20170225
V;07467822000126;34024;E;168750;3000;20170310;20170310
V;07467822000126;34041;E;112700;5000;20170311;20170311
V;07467822000126;34075;E;951370;4000;20170313;20170313
V;07467822000126;34230;E;58320;24000;20170302;20170303
V;07467822000126;34303;E;71200;4000;20170303;20170304
V;07467822000126;34331;E;25188;12000;20170303;20170324
V;07467822000126;34359;E;90160;4000;20170318;20170318
V;07467822000126;34402;E;13502214;891000;20170304;20170304
V;07467822000126;34410;E;17835264;84000;20170304;20170304
V;07467822000126;34414;E;13799357;1000;20170307;20170307
V;07467822000126;34472;E;626484;51000;20170321;20170321
V;07467822000126;35128;E;1301784;46000;20170410;20170410
V;07467822000126;35300;E;401616;5000;20170419;20170419
V;07467822000126;35314;E;196020;60000;20170420;20170420
V;07467822000126;35606;E;76000;2000;20170428;20170428
V;07467822000126;35764;E;763600;40000;20170504;20170504
V;07467822000126;35878;E;523320;62000;20170510;20170510
V;07467822000126;36018;E;583979;40000;20170513;20170513
V;07467822000126;36227;E;148720;40000;20170520;20170520
V;07467822000126;36311;E;1210922;6000;20170523;20170523
V;07467822000126;36367;E;546130;2000;20170525;20170525
V;07467822000126;36622;E;148000;20000;20170531;20170531
V;07467822000126;36767;E;257484;20000;20170601;20170601
V;07467822000126;37090;E;118400;16000;20170613;20170613
V;07467822000126;39208;E;6405000;600000;20151230;20160118
V;07467822000126;52627;E;6137940;37940000;20141127;20160827
V;07467822000126;67515;E;4270000;400000;20151230;20160121
V;07467822000126;67957;E;8575440;3828000;20160115;20160118
V;07467822000126;67958;E;7929840;3528000;20160115;20160122
V;07467822000126;67959;E;4411620;2208000;20160115;20160122
V;07467822000126;67960;E;2028000;1200000;20160115;20160118
V;07467822000126;68466;E;452520;180000;20160123;20160131
V;07467822000126;68467;E;8775520;4078000;20160123;20160131
V;07467822000126;68506;E;3102840;1836000;20160123;20160127
V;07467822000126;68677;E;10500000;250000;20160127;20160131
V;07467822000126;68795;E;2250000;300000;20160202;20160204
V;07467822000126;68796;E;2250000;300000;20160202;20160206
V;07467822000126;68797;E;2427672;1008000;20160202;20160206
V;07467822000126;68798;E;4335129;1800000;20160202;20160206
V;07467822000126;68942;E;7126292;4008000;20160212;20160222
V;07467822000126;68943;E;7126292;4008000;20160212;20160222
V;07467822000126;69214;E;2920000;100000;20160223;20160226
V;07467822000126;69480;E;5840000;200000;20160227;20160310
V;07467822000126;69481;E;5720000;200000;20160227;20160229
V;07467822000126;69482;E;5291000;185000;20160227;20160302
V;07467822000126;69812;E;5100000;3000000;20160311;20160318
V;07467822000126;69813;E;585155;216000;20160311;20160314
V;07467822000126;69814;E;4300000;100000;20160311;20160314
V;07467822000126;69818;E;1341000;600000;20160311;20160314
V;07467822000126;69883;E;1445043;600000;20160315;20160318
V;07467822000126;69990;E;4300000;100000;20160318;20160322
V;07467822000126;70110;E;6450000;150000;20160324;20160328
V;07467822000126;70431;E;2960400;1200000;20160407;20160415
V;07467822000126;70432;E;4299999;100000;20160407;20160415
V;07467822000126;70433;E;3010000;70000;20160407;20160415
V;07467822000126;70436;E;1662000;600000;20160407;20160415
V;07467822000126;70708;E;10750000;250000;20160420;20160422
V;07467822000126;71097;E;5160000;120000;20160507;20160527
V;07467822000126;71100;E;2100000;50000;20160507;20160527
V;07467822000126;71323;E;3035999;1680000;20160514;20160527
V;07467822000126;71324;E;3103959;1684000;20160514;20160521
V;07467822000126;72296;E;15092064;10008000;20160611;20160611
V;07467822000126;72805;E;5535000;135000;20160627;20160627
V;07467822000126;72911;E;10865000;5300000;20160629;20160704
V;07467822000126;73905;E;11765600;6160000;20160718;20160824
V;07467822000126;74003;E;17806600;6004000;20160720;20160720
V;07467822000126;74104;E;1980000;1200000;20160720;20160801
V;07467822000126;75015;E;7085400;2892000;20160822;20160830
V;07467822000126;75690;E;2773600;388000;20160909;20160921
V;07467822000126;75694;E;2040000;1020000;20160909;20161006
V;07467822000126;77330;E;13560837;10008000;20161028;20161114
V;07467822000126;77410;E;12600000;300000;20161029;20161101
V;07467822000126;77756;E;949800;420000;20161104;20161205
V;07467822000126;77757;E;949800;420000;20161104;20161209
V;07467822000126;77758;E;1859800;385000;20161104;20161205
V;07467822000126;77759;E;1859800;860000;20161104;20161209
V;07467822000126;78478;E;6780420;5004000;20161126;20161201
V;07467822000126;78549;E;13650000;350000;20161130;20161210
V;07467822000126;78826;E;5850000;150000;20161130;20161207
V;07467822000126;80108;E;880000;20000;20161230;20170112
V;07467822000126;80274;E;3280320;1608000;20170107;20170112
V;07467822000126;80447;E;3080000;70000;20170112;20170120
V;07467822000126;80674;E;18079000;2200000;20170119;20170123
V;07467822000126;80675;E;5339500;1000000;20170119;20170123
V;07467822000126;80785;E;2641920;1848000;20170121;20170123
V;07467822000126;81133;E;807120;360000;20170125;20170130
V;07467822000126;81135;E;7511004;5004000;20170125;20170130
V;07467822000126;81136;E;7511004;5004000;20170125;20170128
V;07467822000126;81137;E;6794304;5052000;20170125;20170130
V;07467822000126;81509;E;566400;240000;20170203;20170209
V;07467822000126;81510;E;1168800;600000;20170203;20170209
V;07467822000126;81511;E;2243500;1300000;20170203;20170209
V;07467822000126;81551;E;2337600;1200000;20170207;20170209
V;07467822000126;81552;E;283200;120000;20170207;20170209
V;07467822000126;81555;E;4487000;2600000;20170207;20170209
V;07467822000126;81621;E;8871900;1410000;20170209;20170215
V;07467822000126;81622;E;5402740;736000;20170209;20170216
V;07467822000126;81686;E;2655000;10000;20170211;20170217
V;07467822000126;81687;E;1995000;10000;20170211;20170217
V;07467822000126;81815;E;7400000;200000;20170216;20170218
V;07467822000126;81817;E;8647400;760000;20170216;20170218
V;07467822000126;81818;E;1780000;100000;20170216;20170218
V;07467822000126;81991;E;890000;50000;20170221;20170223
V;07467822000126;81992;E;5143000;430000;20170221;20170223
V;07467822000126;82003;E;2200000;50000;20170221;20170225
V;07467822000126;82146;E;3700000;100000;20170225;20170302
V;07467822000126;82148;E;5550000;150000;20170225;20170303
V;07467822000126;82152;E;1618464;1104000;20170225;20170302
V;07467822000126;82260;E;660000;15000;20170225;20170306
V;07467822000126;82291;E;155160;24000;20170225;20170306
V;07467822000126;82341;E;3377664;2304000;20170303;20170306
V;07467822000126;82342;E;5576664;3804000;20170303;20170306
V;07467822000126;82343;E;3518400;2400000;20170303;20170306
V;07467822000126;82344;E;1752000;1200000;20170303;20170306
V;07467822000126;82449;E;9327200;872000;20170310;20170315
V;07467822000126;82450;E;5627200;772000;20170310;20170314
V;07467822000126;82482;E;2304000;1200000;20170313;20170315
V;07467822000126;82483;E;1152000;600000;20170313;20170315
V;07467822000126;82561;E;5627200;292000;20170315;20170317
V;07467822000126;82562;E;9327200;872000;20170315;20170318
V;07467822000126;82834;E;1320000;600000;20170324;20170328
V;07467822000126;82835;E;792000;360000;20170324;20170328
V;07467822000126;82837;E;3700000;100000;20170324;20170328
V;07467822000126;82838;E;1850000;50000;20170324;20170328
V;07467822000126;83099;E;5700000;150000;20170406;20170410
V;07467822000126;83100;E;5700000;150000;20170406;20170410
V;07467822000126;83283;E;1894000;1252000;20170413;20170418
V;07467822000126;83437;E;139608;120000;20170420;20170426
V;07467822000126;83438;E;139608;120000;20170420;20170426
V;07467822000126;83443;E;194000;10000;20170420;20170426
V;07467822000126;83444;E;1483000;635000;20170420;20170426
V;07467822000126;83614;E;202000;4000;20170428;20170502
V;07467822000126;83615;E;202000;4000;20170428;20170502
V;07467822000126;83619;E;2088000;1262000;20170428;20170502
V;07467822000126;83620;E;998000;610000;20170428;20170502
V;07467822000126;84037;E;9249998;250000;20170519;20170522
V;07467822000126;84254;E;18499995;500000;20170526;20170529
V;07467822000126;84418;E;2450400;1200000;20170531;20170607
V;07467822000126;84419;E;1563600;612000;20170531;20170608
V;07467822000126;84420;E;1431840;840000;20170531;20170607
V;07467822000126;84421;E;2244240;1440000;20170531;20170607
V;07467822000711;1247;E;1750000;700000;20160419;20160429
V;08636452001300;32387;E;852000;12000;20160613;20160614
V;08636452001300;35209;E;1573683;12000;20170417;20170417
V;08636452001300;65258;E;3607950;24000;20160830;20160921
V;08789294000194;10373;E;868720;2000;20160105;20160122
V;08789294000194;10997;E;1879578;1000;20160202;20160206
V;08789294000194;11265;E;1064798;120000;20160220;20160222
V;08789294000194;11290;E;249420;60000;20160223;20160226
V;08789294000194;11390;E;594070;120000;20160301;20160311
V;08789294000194;11594;E;2296640;180000;20160315;20160315
V;08789294000194;11948;E;51518;20000;20160415;20160415
V;08789294000194;12038;E;1942490;5000000;20161109;20161202
V;08789294000194;12422;E;4917530;198000;20160715;20160829
V;08789294000194;13087;E;417100;55000;20170313;20170316
V;08789294000194;19750;E;513456;200000;20160302;20160311
V;08789294000194;22419;E;99000;2000;20160302;20160318
V;08789294000194;26331;E;143650;296000;20160831;20160919
V;08789294000194;29344;E;27316;1000;20161114;20161201
V;08789294000194;31636;E;1774158;400000;20170112;20170203
V;08789294000194;32138;E;2766100;150000;20170123;20170204
V;08789294000194;34402;E;13502214;72000;20170304;20170304
V;08855199000303;9459;E;1133640;168000;20160127;20160127
V;09100671000107;13410;E;49140;6000;20170320;20170322
V;09100671000107;33696;E;268164;24000;20170225;20170303
V;09100671000107;36775;E;127876;4000;20170601;20170601
V;09100671000107;47012;E;5503680;672000;20170210;20170217
V;09100671000107;47819;E;835380;102000;20170314;20170325
V;10369661000142;12203;E;523993;1000;20160518;20160520
V;10369661000142;12411;E;7311365;10000;20160713;20160829
V;10369661000142;17672;E;10182000;150000;20160815;20160819
V;10369661000142;25242;E;359469;10000;20160615;20160829
V;10369661000142;26040;E;380169;2000;20160824;20160830
V;10369661000142;27699;E;316302;6000;20160913;20161005
V;10369661000142;27956;E;1220712;30000;20160923;20160923
V;10369661000142;31716;E;3517440;6000;20170114;20170203
V;10369661000142;36775;E;127876;3000;20170601;20170601
V;10369661000142;42266;E;829150;14000;20160226;20160318
V;10369661000142;100920;E;168000;50000;20160409;20160413
V;10369661000142;104815;E;316000;100000;20160511;20160512
V;10369661000495;9479;E;3326996;294000;20160213;20160223
V;10369661000495;10598;E;26000;4000;20160115;20160122
V;10369661000495;12422;E;4917530;2000;20160715;20160829
V;10369661000495;19496;E;428592;18000;20151230;20160119
V;10369661000495;23692;E;59350;1000;20160623;20160627
V;10369661000495;26707;E;10300;1000;20160913;20161024
V;10369661000495;34403;E;2868417;1000;20170304;20170304
V;10894410000187;11694;E;1828600;47000;20161101;20161203
V;11977831000134;38072;E;1230600;12000;20160413;20160414
V;11977831000134;91535;E;30490;1000;20160107;20160107
V;11977831000304;12740;E;320000;20000;20160510;20160512
V;11977831000304;93143;E;114000;10000;20160127;20160127
V;11977831000304;95858;E;396000;36000;20160224;20160226
V;18459628002088;12302;E;626428;10000;20160608;20160610
V;18459628002088;17581;E;878014;25000;20160113;20160113
V;18459628002088;19034;E;504660;25000;20160216;20160222
V;18459628002088;21133;E;314314;25000;20160216;20160222
V;18459628002088;21917;E;1217850;36000;20160309;20160314
V;18459628002088;26940;E;1943024;5000000;20160817;20160822
V;18459628002088;32801;E;4676584;25000;20170206;20170207
V;18459628002088;32812;E;2409600;400000;20160812;20160820
V;18459628008795;1914;E;58479585;16700000;20160607;20160614
V;18459628008795;2106;E;966381;11000;20160719;20160808
V;18459628008795;2208;E;1280000;16000;20160831;20160917
V;18459628008795;2271;E;19525103;3356000;20160909;20161006
V;18459628008795;2449;E;6553644;348000;20160920;20161006
V;18459628008795;2508;E;558000;36000;20160826;20160826
V;18459628008795;3583;E;70720764;7832000;20161129;20161213
V;18459628008795;3584;E;13599316;764000;20161129;20161213
V;18459628008795;4187;E;9285972;2664000;20161216;20161231
V;18459628008795;4243;E;11044440;312000;20161217;20161231
V;18459628008795;4281;E;12204000;400000;20161219;20161231
V;18459628008795;4282;E;1886010;120000;20161219;20161231
V;18459628008795;4320;E;221040;12000;20161220;20161231
V;18459628008795;4373;E;153288;12000;20161221;20161231
V;18459628008795;4514;E;8714472;552000;20170119;20170207
V;18459628008795;10366;E;674484;4000;20160105;20160122
V;18459628008795;10466;E;411964;2000;20160111;20160122
V;18459628008795;10512;E;23893;9000;20160112;20160122
V;18459628008795;10513;E;609097;6000;20160112;20160122
V;18459628008795;10582;E;1614601;2000;20160114;20160114
V;18459628008795;10595;E;1980141;6000;20160115;20160122
V;18459628008795;10624;E;1583452;12000;20160116;20160122
V;18459628008795;10734;E;201801;3000;20160121;20160127
V;18459628008795;10736;E;2067278;32000;20160121;20160121
V;18459628008795;10737;E;1086510;211000;20160121;20160127
V;18459628008795;10789;E;1377392;7000;20160123;20160128
V;18459628008795;10836;E;5357010;55000;20160126;20160127
V;18459628008795;10851;E;1530000;300000;20160126;20160128
V;18459628008795;10904;E;772401;22000;20160128;20160201
V;18459628008795;10941;E;1600800;400000;20160129;20160129
V;18459628008795;10954;E;96408;24000;20160130;20160130
V;18459628008795;10997;E;1879578;1024000;20160202;20160206
V;18459628008795;11013;E;2590592;96000;20160203;20160206
V;18459628008795;11099;E;9723000;1520000;20160206;20160212
V;18459628008795;11134;E;552304;400000;20160211;20160212
V;18459628008795;11141;E;56444;12000;20160212;20160222
V;18459628008795;11174;E;1739796;120000;20160213;20160222
V;18459628008795;11181;E;162786;30000;20160215;20160222
V;18459628008795;11238;E;779360;60000;20160218;20160222
V;18459628008795;11278;E;931007;3000;20160222;20160226
V;18459628008795;11304;E;201888;60000;20160223;20160226
V;18459628008795;11354;E;3174398;84000;20160226;20160226
V;18459628008795;11386;E;663106;176000;20160301;20160311
V;18459628008795;11391;E;1984018;2000;20160301;20160314
V;18459628008795;11401;E;303300;60000;20160302;20160311
V;18459628008795;11403;E;236406;36000;20160302;20160311
V;18459628008795;11622;E;1584725;7000;20160315;20160318
V;18459628008795;11674;E;378000;36000;20160318;20160321
V;18459628008795;11721;E;6075544;118000;20160323;20160328
V;18459628008795;11775;E;1518617;60000;20160330;20160330
V;18459628008795;11776;E;659473;2000;20160330;20160331
V;18459628008795;11866;E;1652835;1000;20160406;20160422
V;18459628008795;11881;E;1551010;20000;20160408;20160415
V;18459628008795;11926;E;875584;5000;20160413;20160422
V;18459628008795;12223;E;860200;2000;20160519;20160521
V;18459628008795;12307;E;7098950;2292000;20160614;20160621
V;18459628008795;12311;E;382269;57600000;20160621;20160823
V;18459628008795;12312;E;382269;240000;20160621;20160627
V;18459628008795;12324;E;2742142;11732000;20160701;20160714
V;18459628008795;12370;E;19331568;16584000;20160708;20160829
V;18459628008795;12378;E;11259622;21600000;20160708;20160829
V;18459628008795;12385;E;9770830;52800000;20160709;20160829
V;18459628008795;12388;E;7126445;465000;20160711;20160715
V;18459628008795;12411;E;7311365;179000;20160713;20160829
V;18459628008795;12437;E;690400;560000;20160723;20160809
V;18459628008795;13091;E;637680;84000;20170314;20170316
V;18459628008795;14078;E;194580;3000;20170404;20170404
V;18459628008795;15518;E;455040;360000;20170510;20170511
V;18459628008795;15838;E;426636;120000;20170518;20170518
V;18459628008795;16510;E;183148;4000;20170530;20170531
V;18459628008795;17823;E;3122492;21000;20160119;20160120
V;18459628008795;19036;E;1528360;4000;20160216;20160222
V;18459628008795;19496;E;428592;12000;20151230;20160119
V;18459628008795;19614;E;86940;95000;20160227;20160229
V;18459628008795;20289;E;404760;240000;20160123;20160123
V;18459628008795;20364;E;39800;1000;20160125;20160127
V;18459628008795;20521;E;63750;102000;20160128;20160128
V;18459628008795;20870;E;670789;11000;20160401;20160422
V;18459628008795;21052;E;6962354;20000;20160215;20160222
V;18459628008795;21513;E;75193;5000;20160226;20160226
V;18459628008795;21833;E;831888;72000;20160305;20160311
V;18459628008795;22056;E;836720;200000;20160511;20160520
V;18459628008795;22811;E;174629;7000;20160405;20160422
V;18459628008795;23923;E;503470;3000000;20160628;20160711
V;18459628008795;24388;E;552000;500000;20160709;20160830
V;18459628008795;24488;E;680777;200000;20160713;20160721
V;18459628008795;24711;E;1160954;200000;20160719;20160721
V;18459628008795;25129;E;1463648;7200000;20160730;20160806
V;18459628008795;25298;E;792171;144000;20160804;20160806
V;18459628008795;26040;E;380169;144000;20160824;20160830
V;18459628008795;26560;E;103126;24000;20160801;20160809
V;18459628008795;26845;E;978416;400000;20160915;20160916
V;18459628008795;26858;E;888252;264000;20160916;20160916
V;18459628008795;26900;E;148188;12000;20160916;20161025
V;18459628008795;27804;R;1280000;16000;20160917;20160917
V;18459628008795;27956;E;1220712;24000;20160923;20160923
V;18459628008795;27991;E;11280600;420000;20161018;20161019
V;18459628008795;28244;E;2445492;200000;20161025;20161027
V;18459628008795;28605;E;228960;60000;20161020;20161116
V;18459628008795;29046;E;4977992;2640000;20161117;20161130
V;18459628008795;29124;E;596068;120000;20161107;20161201
V;18459628008795;29205;E;1409400;24000;20161122;20161212
V;18459628008795;29322;E;758405;12000;20161114;20161201
V;18459628008795;29344;E;27316;1000;20161114;20161201
V;18459628008795;30455;R;9573624;588000;20161214;20161214
V;18459628008795;30576;E;5079792;228000;20161219;20170103
V;18459628008795;31240;E;11325240;820000;20170102;20170105
V;18459628008795;31263;E;844020;60000;20170103;20170103
V;18459628008795;31553;E;261332;22000;20170110;20170204
V;18459628008795;31560;E;70756;4000;20170110;20170203
V;18459628008795;31636;E;1774158;252000;20170112;20170203
V;18459628008795;31664;E;1510740;180000;20170113;20170113
V;18459628008795;31717;E;11812320;4000;20170114;20170118
V;18459628008795;31806;E;363480;60000;20170116;20170203
V;18459628008795;31878;E;645073;82000;20170117;20170117
V;18459628008795;31882;E;1014040;60000;20170117;20170118
V;18459628008795;31971;E;1604980;8000;20170119;20170204
V;18459628008795;32038;E;1014470;36000;20170119;20170120
V;18459628008795;32206;E;1589107;7000;20170123;20170124
V;18459628008795;32272;E;535760;36000;20170124;20170126
V;18459628008795;32347;E;152160;4000;20170127;20170204
V;18459628008795;32550;E;726960;120000;20170127;20170130
V;18459628008795;32566;E;1063032;120000;20170201;20170220
V;18459628008795;32825;E;2581804;52000;20170207;20170207
V;18459628008795;32973;E;678170;8000;20170209;20170213
V;18459628008795;33103;E;1637100;40000;20170215;20170221
V;18459628008795;33194;E;238860;4000;20170216;20170220
V;18459628008795;33231;E;348000;60000;20170208;20170209
V;18459628008795;33437;E;230888;20000;20170213;20170217
V;18459628008795;33446;E;2523445;16000;20170221;20170303
V;18459628008795;33527;E;696000;120000;20170214;20170217
V;18459628008795;33570;E;3290240;2000000;20170215;20170217
V;18459628008795;33571;E;178206;12000;20170215;20170217
V;18459628008795;33696;E;268164;12000;20170225;20170303
V;18459628008795;33768;E;3860281;124000;20170302;20170322
V;18459628008795;33928;E;312660;4000;20170307;20170307
V;18459628008795;34096;E;969672;24000;20170314;20170314
V;18459628008795;34279;E;609064;8000;20170316;20170316
V;18459628008795;34406;E;15133330;1512000;20170304;20170304
V;18459628008795;34408;E;4607746;692000;20170304;20170304
V;18459628008795;34410;E;17835264;874000;20170304;20170304
V;18459628008795;34414;E;13799357;1000;20170307;20170307
V;18459628008795;34472;E;626484;120000;20170321;20170321
V;18459628008795;34491;E;666670;11000;20170322;20170322
V;18459628008795;34610;R;2120357;629000;20170327;20170327
V;18459628008795;34918;E;767194;8000;20170403;20170403
V;18459628008795;35213;E;116900;100000;20170417;20170418
V;18459628008795;35300;E;401616;24000;20170419;20170419
V;18459628008795;35764;E;763600;400000;20170504;20170504
V;18459628008795;35796;E;483300;24000;20170505;20170505
V;18459628008795;35998;E;363355;60000;20170512;20170512
V;18459628008795;36018;E;583979;120000;20170513;20170513
V;18459628008795;36367;E;546130;100000;20170525;20170525
V;18459628008795;36767;E;257484;12000;20170601;20170601
V;18459628008795;37043;E;420216;24000;20170612;20170612
V;18459628008795;105102;E;225180;252000;20160628;20160628
V;18459628008795;107348;E;507516;264000;20161004;20161101
V;18459628008795;111244;E;889662;174000;20161228;20170106
V;18459628008795;111877;E;1017487;199000;20170109;20170118
V;23361306001060;10170;E;5281213;150000;20151216;20160120
V;23361306001060;10419;E;2412352;23000;20160107;20160127
V;23361306001060;10420;E;329663;2000;20160107;20160122
V;23361306001060;10459;E;88054;1000;20160111;20160122
V;23361306001060;10466;E;411964;3000;20160111;20160122
V;23361306001060;10471;E;107260;4000;20160111;20160122
V;23361306001060;10483;E;188635;8000;20160112;20160122
V;23361306001060;10485;E;41383;1000;20160112;20160122
V;23361306001060;10491;E;23330;2000;20160112;20160122
V;23361306001060;10510;E;1078020;60000;20160112;20160122
V;23361306001060;10513;E;609097;3000;20160112;20160122
V;23361306001060;10545;E;894983;16000;20160113;20160113
V;23361306001060;10582;E;1614601;5000;20160114;20160114
V;23361306001060;10595;E;1980141;12000;20160115;20160122
V;23361306001060;10735;E;533368;1000;20160121;20160201
V;23361306001060;10901;E;903417;8000;20160128;20160201
V;23361306001060;10904;E;772401;35000;20160128;20160201
V;23361306001060;11011;E;493940;20000;20160202;20160202
V;23361306001060;11087;E;560060;20000;20160205;20160206
V;23361306001060;11110;E;1476000;60000;20160210;20160212
V;23361306001060;11174;E;1739796;4000;20160213;20160222
V;23361306001060;11188;E;708408;48000;20160215;20160222
V;23361306001060;11194;E;5125360;40000;20160215;20160222
V;23361306001060;11354;E;3174398;50000;20160226;20160226
V;23361306001060;11390;E;594070;10000;20160301;20160311
V;23361306001060;11391;E;1984018;4000;20160301;20160314
V;23361306001060;11404;E;741175;25000;20160302;20160311
V;23361306001060;11466;E;544295;15000;20160307;20160311
V;23361306001060;11721;E;6075544;11000;20160323;20160328
V;23361306001060;11776;E;659473;8000;20160330;20160331
V;23361306001060;11777;E;1169193;1000;20160330;20160330
V;23361306001060;11812;E;822574;8000;20160401;20160402
V;23361306001060;11867;E;2592884;4000;20160406;20160415
V;23361306001060;11868;E;1322921;20000;20160406;20160415
V;23361306001060;11991;E;505198;1000;20160419;20160419
V;23361306001060;12070;E;1400381;1000;20160427;20160429
V;23361306001060;12378;E;11259622;244000;20160708;20160829
V;23361306001060;12385;E;9770830;50000;20160709;20160829
V;23361306001060;12528;E;6624540;135000;20161109;20161130
V;23361306001060;12555;E;8319734;464000;20161209;20170117
V;23361306001060;12594;E;9619757;315000;20170131;20170203
V;23361306001060;14078;E;194580;3000;20170404;20170404
V;23361306001060;17131;E;1080000;30000;20161209;20161223
V;23361306001060;17823;E;3122492;1000;20160119;20160120
V;23361306001060;19750;E;513456;4000;20160302;20160311
V;23361306001060;19920;E;7996098;464000;20161122;20161209
V;23361306001060;25356;E;599600;80000;20160621;20160621
V;23361306001060;28085;E;3284140;30000;20161021;20161025
V;23361306001060;28244;E;2445492;6000;20161025;20161027
V;23361306001060;29047;E;71220;1000;20161117;20161129
V;23361306001060;29080;E;839920;25000;20161118;20161202
V;23361306001060;29232;E;433860;12000;20161110;20161212
V;23361306001060;29956;E;5588100;250000;20161209;20161210
V;23361306001060;30566;E;551431;10000;20161222;20161224
V;23361306001060;30577;E;7589401;30000;20161222;20161224
V;23361306001060;31205;E;1959200;20000;20170105;20170107
V;23361306001060;31717;E;11812320;10000;20170114;20170118
V;23361306001060;31811;E;313000;10000;20170116;20170118
V;23361306001060;32034;E;507200;20000;20170121;20170204
V;23361306001060;32742;E;564590;20000;20170131;20170201
V;23361306001060;33697;E;2556770;160000;20170217;20170221
V;23361306001060;34405;E;11116374;165000;20170304;20170304
V;23361306001060;63279;E;6425804;135000;20161029;20161111
V;23361306001060;66877;E;9042601;315000;20170120;20170209
V;42462952000177;11865;E;615962;1000;20160406;20160406
V;42462952000177;12411;E;7311365;336000;20160713;20160829
V;42462952000177;12467;E;82800;12000;20160909;20161006
V;42462952000177;15932;E;135051;8000;20170520;20170520
V;42462952000177;21809;E;18000;3000;20160304;20160311
V;42462952000177;34408;E;4607746;8000;20170304;20170304
V;42462952000177;36375;R;349920;48000;20170525;20170525
V;42462952000177;56918;E;349920;48000;20170504;20170508
V;42462952000177;69682;E;3818832;60000;20170517;20170529
V;42462952000177;116077;E;82800;12000;20160831;20160922
V;42462952000177;136433;E;87480;12000;20170314;20170509
V;42462952000177;138829;E;349920;48000;20170403;20170525
V;47180625002190;9459;E;1133640;144000;20160127;20160127
V;47180625002190;10438;E;253700;4000;20160108;20160122
V;47180625002190;10459;E;88054;12000;20160111;20160122
V;47180625002190;10464;E;198685;3000;20160111;20160122
V;47180625002190;10485;E;41383;12000;20160112;20160122
V;47180625002190;10493;E;131512;12000;20160112;20160122
V;47180625002190;10509;E;62460;1000;20160112;20160122
V;47180625002190;10513;E;609097;72000;20160112;20160122
V;47180625002190;10516;E;19645;5000;20160113;20160122
V;47180625002190;10545;E;894983;20000;20160113;20160113
V;47180625002190;10582;E;1614601;48000;20160114;20160114
V;47180625002190;10595;E;1980141;18000;20160115;20160122
V;47180625002190;10735;E;533368;6000;20160121;20160201
V;47180625002190;10736;E;2067278;389000;20160121;20160121
V;47180625002190;10737;E;1086510;25000;20160121;20160127
V;47180625002190;10836;E;5357010;1000;20160126;20160127
V;47180625002190;10904;E;772401;37000;20160128;20160201
V;47180625002190;11259;E;612356;1000;20160219;20160222
V;47180625002190;11289;E;15165212;8000;20160222;20160226
V;47180625002190;11466;E;544295;3000;20160307;20160311
V;47180625002190;11594;E;2296640;360000;20160315;20160315
V;47180625002190;11622;E;1584725;284000;20160315;20160318
V;47180625002190;11721;E;6075544;1000;20160323;20160328
V;47180625002190;11775;E;1518617;4000;20160330;20160330
V;47180625002190;11809;E;1485131;183000;20160401;20160402
V;47180625002190;11810;E;1844496;1000;20160401;20160402
V;47180625002190;11811;E;722130;3000;20160401;20160422
V;47180625002190;11812;E;822574;3000;20160401;20160402
V;47180625002190;11834;E;141500;1000;20160404;20160414
V;47180625002190;11847;E;1689960;380000;20160405;20160405
V;47180625002190;11863;E;1213041;34000;20160406;20160422
V;47180625002190;11864;E;1057344;103000;20160406;20160422
V;47180625002190;11865;E;615962;26000;20160406;20160406
V;47180625002190;11866;E;1652835;39000;20160406;20160422
V;47180625002190;11867;E;2592884;34000;20160406;20160415
V;47180625002190;11868;E;1322921;242000;20160406;20160415
V;47180625002190;11869;E;1326296;169000;20160406;20160422
V;47180625002190;11881;E;1551010;153000;20160408;20160415
V;47180625002190;11918;E;621847;84000;20160413;20160415
V;47180625002190;11921;E;1105989;101000;20160413;20160422
V;47180625002190;11925;E;358823;16000;20160413;20160414
V;47180625002190;11926;E;875584;70000;20160413;20160422
V;47180625002190;11927;E;1823750;33000;20160413;20160415
V;47180625002190;11977;E;319250;12000;20160418;20160419
V;47180625002190;11991;E;505198;102000;20160419;20160419
V;47180625002190;12070;E;1400381;5000;20160427;20160429
V;47180625002190;12107;E;654300;48000;20160503;20160509
V;47180625002190;12221;E;135156;12000;20160519;20160520
V;47180625002190;12222;E;436684;13000;20160519;20160521
V;47180625002190;12223;E;860200;8000;20160519;20160521
V;47180625002190;12293;E;531584;12000;20160603;20160608
V;47180625002190;12316;E;40128;1000;20160623;20160627
V;47180625002190;12411;E;7311365;8000;20160713;20160829
V;47180625002190;12466;E;12006508;2494000;20160906;20161005
V;47180625002190;12498;E;11428626;6600000;20161011;20161116
V;47180625002190;12506;E;14075220;7131000;20161017;20161116
V;47180625002190;12545;E;7914600;3210000;20161129;20161209
V;47180625002190;15565;E;350802;24000;20170511;20170512
V;47180625002190;16285;E;42219;3000;20170526;20170526
V;47180625002190;16409;E;795196;14000;20170529;20170529
V;47180625002190;17693;E;1440000;50000;20160116;20160116
V;47180625002190;17823;E;3122492;379000;20160119;20160120
V;47180625002190;18013;E;1212000;270000;20160123;20160123
V;47180625002190;18159;E;2788940;1000;20160127;20160201
V;47180625002190;18980;E;2572000;8000;20160215;20160222
V;47180625002190;19502;E;3715784;469000;20151230;20160119
V;47180625002190;19504;E;1012629;29000;20160225;20160226
V;47180625002190;19588;E;2278410;30000;20160227;20160227
V;47180625002190;19742;E;576000;20000;20160109;20160113
V;47180625002190;19861;E;804530;144000;20160113;20160122
V;47180625002190;19925;E;2643600;600000;20160114;20160114
V;47180625002190;19927;E;654160;12000;20160114;20160114
V;47180625002190;19939;E;1180320;144000;20160114;20160114
V;47180625002190;19945;E;6154800;740000;20160114;20160114
V;47180625002190;19982;E;432000;15000;20160115;20160115
V;47180625002190;20031;E;4308057;655000;20160116;20160122
V;47180625002190;20119;E;4725600;1200000;20160118;20160122
V;47180625002190;20179;E;677289;3000;20160119;20160120
V;47180625002190;20214;E;43848;6000;20160120;20160120
V;47180625002190;20235;E;777018;6000;20160121;20160121
V;47180625002190;20288;E;1852428;270000;20160123;20160127
V;47180625002190;20355;E;902040;48000;20160125;20160127
V;47180625002190;20365;E;1423248;45000;20160125;20160126
V;47180625002190;20393;E;576408;36000;20160126;20160126
V;47180625002190;20445;E;1155803;240000;20160630;20160713
V;47180625002190;20557;E;2510030;50000;20160128;20160128
V;47180625002190;20567;E;70800;48000;20160129;20160129
V;47180625002190;20576;E;617160;80000;20160129;20160129
V;47180625002190;20583;E;291412;40000;20160129;20160129
V;47180625002190;20693;E;6755930;70000;20160202;20160203
V;47180625002190;20784;E;1913864;52000;20160204;20160206
V;47180625002190;20905;E;2171572;29000;20160211;20160212
V;47180625002190;20950;E;7576300;80000;20160212;20160222
V;47180625002190;20970;E;2995494;1212000;20160213;20160222
V;47180625002190;21052;E;6962354;8000;20160215;20160222
V;47180625002190;21553;E;2926415;30000;20160226;20160226
V;47180625002190;21611;E;657501;2000;20160229;20160229
V;47180625002190;21881;E;367784;3000;20160504;20160509
V;47180625002190;22811;E;174629;32000;20160405;20160422
V;47180625002190;22862;E;980800;20000;20160408;20160413
V;47180625002190;22901;E;4422928;3000;20160411;20160413
V;47180625002190;22976;E;342640;60000;20160413;20160413
V;47180625002190;23489;E;51208;4000;20160427;20160429
V;47180625002190;26263;E;1300000;40000;20161119;20161203
V;47180625002190;26267;E;260000;8000;20161119;20161203
V;47180625002190;26340;E;1950000;60000;20161124;20161207
V;47180625002190;26786;E;158200;16000;20160810;20160822
V;47180625002190;26845;E;978416;168000;20160915;20160916
V;47180625002190;26879;E;1300000;40000;20170105;20170112
V;47180625002190;26977;E;841636;10000;20160920;20160921
V;47180625002190;27020;E;1154325;2900000;20160819;20160829
V;47180625002190;27172;E;6149658;742000;20160926;20160927
V;47180625002190;27500;E;136335;23000;20160906;20161011
V;47180625002190;27893;E;119856;22000;20160921;20161005
V;47180625002190;27991;E;11280600;3058000;20161018;20161019
V;47180625002190;28046;E;1131980;50000;20160927;20160928
V;47180625002190;28046;E;1131980;50000;20160927;20161005
V;47180625002190;28244;E;2445492;5000;20161025;20161027
V;47180625002190;28646;E;2143500;20000;20161108;20161111
V;47180625002190;28695;E;73200;12000;20161109;20161212
V;47180625002190;29123;E;52000;4000;20161107;20161201
V;47180625002190;29418;E;4365000;2175000;20161125;20161130
V;47180625002190;29480;E;3027124;960000;20161119;20161212
V;47180625002190;29481;E;108000;60000;20161128;20161130
V;47180625002190;29715;E;314580;10000;20161203;20161210
V;47180625002190;29956;E;5588100;960000;20161209;20161210
V;47180625002190;29977;E;6160920;720000;20161210;20161213
V;47180625002190;29985;E;284082;120000;20161212;20161213
V;47180625002190;30046;E;1116904;600000;20161213;20161214
V;47180625002190;30146;E;877200;9000;20161214;20161215
V;47180625002190;30469;E;6733920;2640000;20161220;20161224
V;47180625002190;30576;E;5079792;60000;20161219;20170103
V;47180625002190;30577;E;7589401;600000;20161222;20161224
V;47180625002190;30817;E;226560;120000;20161227;20161228
V;47180625002190;30885;E;562560;120000;20161228;20170201
V;47180625002190;30888;E;617970;120000;20161229;20161229
V;47180625002190;30989;E;6205553;920000;20161230;20170102
V;47180625002190;31003;E;288000;40000;20161231;20161231
V;47180625002190;31143;E;4657200;180000;20170104;20170106
V;47180625002190;31150;E;1244626;5000;20170105;20170106
V;47180625002190;31717;E;11812320;4000;20170114;20170118
V;47180625002190;32020;E;2629840;190000;20170120;20170204
V;47180625002190;32206;E;1589107;4000;20170123;20170124
V;47180625002190;32346;E;1837654;1000;20170127;20170204
V;47180625002190;32696;E;295910;10000;20170203;20170207
V;47180625002190;32801;E;4676584;24000;20170206;20170207
V;47180625002190;32813;E;1519000;30000;20170206;20170207
V;47180625002190;32971;E;787964;8000;20170209;20170209
V;47180625002190;33033;E;1945906;30000;20170211;20170211
V;47180625002190;33117;E;159500;5000;20170215;20170221
V;47180625002190;33237;E;1140000;600000;20170216;20170221
V;47180625002190;33278;E;120372;3000;20170209;20170211
V;47180625002190;33446;E;2523445;12000;20170221;20170303
V;47180625002190;33648;E;1673920;7000;20170216;20170217
V;47180625002190;33871;E;868800;360000;20170221;20170223
V;47180625002190;33937;E;379200;84000;20170222;20170225
V;47180625002190;34167;E;641740;280000;20170315;20170315
V;47180625002190;34279;E;609064;360000;20170316;20170316
V;47180625002190;34339;E;1597320;680000;20170317;20170317
V;47180625002190;34402;E;13502214;1029000;20170304;20170304
V;47180625002190;34407;E;2695502;3000;20170304;20170304
V;47180625002190;34452;E;36722;3000;20170327;20170327
V;47180625002190;34596;E;612400;100000;20170327;20170327
V;47180625002190;35283;E;178452;8000;20170419;20170419
V;47180625002190;35300;E;401616;20000;20170419;20170419
V;47180625002190;35826;E;318134;2000;20170506;20170506
V;47180625002190;35925;E;158266;24000;20170510;20170511
V;47180625002190;36497;E;119460;20000;20170529;20170530
V;47180625002190;37401;E;3023510;470000;20161110;20161210
V;47180625002190;43326;E;3296600;190000;20170102;20170208
V;47180625002190;43403;E;2084000;56000;20170103;20170118
V;47180625002190;43660;E;3600000;1200000;20161117;20161125
V;47180625002190;43661;E;120000;40000;20161117;20161125
V;47180625002190;43756;E;3600000;1200000;20161123;20161222
V;47180625002190;43757;E;120000;40000;20161123;20161210
V;47180625002190;43758;E;2022000;674000;20161123;20161210
V;47180625002190;43838;E;1578000;526000;20161128;20161210
V;47180625002190;46197;E;2112000;960000;20170213;20170221
V;47180625002190;46198;E;2930400;1332000;20170213;20170223
V;47180625002190;56134;E;3085728;400000;20160113;20160128
V;47180625002190;56360;E;6917235;3600000;20160122;20160213
V;47180625002190;56992;E;10708434;3671000;20160218;20160302
V;47180625002190;63740;E;6386667;50000;20160802;20160822
V;47180625002190;63769;E;8504568;300000;20160803;20160822
V;47180625002190;63853;E;10285879;5616000;20160804;20160822
V;47180625002190;64769;E;11503380;437000;20160823;20160912
V;47180625002190;64867;E;5233440;380000;20160824;20160909
V;47180625002190;65258;E;3607950;15000;20160830;20160921
V;47180625002190;66312;E;1466873;16000;20160913;20161004
V;47180625002190;66423;E;8562667;370000;20160914;20160929
V;47180625002190;67693;E;11428631;6600000;20160926;20161010
V;47180625002190;68256;E;13928701;7131000;20160929;20161010
V;47180625002190;68517;E;15552849;10008000;20160930;20161025
V;47180625002190;70246;E;5259523;490000;20161108;20161205
V;47180625002190;70247;E;3674125;600000;20161108;20161205
V;47180625002190;70569;E;12835371;7008000;20161111;20161205
V;47180625002190;70571;E;7748676;325000;20161111;20161202
V;47180625002190;74069;E;10064151;500000;20170104;20170120
V;47180625002190;74070;E;5580965;2370000;20170104;20170120
V;47180625002190;74292;E;5485323;57000;20170113;20170130
V;47180625002190;74522;E;3025426;33000;20170120;20170202
V;47180625002190;74794;E;10995368;6000000;20170127;20170217
V;47180625002190;75369;E;18793219;10320000;20170221;20170315
V;47180625002190;79329;E;10551680;3890000;20170531;20170612
V;48539407000207;11269;E;6287200;1760000;20160824;20160902
V;48539407000207;11284;E;6287200;1760000;20160825;20160826
V;48539407000207;11616;E;60000;5000;20161018;20161027
V;48539407000207;12457;E;10322080;320000;20160825;20160919
V;48539407000207;12521;E;60000;5000;20161029;20161116
V;48539407009840;9630;E;5968040;2084000;20160118;20160125
V;48539407009840;10271;E;253440;192000;20160408;20160415
V;48539407009840;10354;E;158400;120000;20160415;20160418
V;48539407009840;10419;E;2412352;180000;20160107;20160127
V;48539407009840;10420;E;329663;1000;20160107;20160122
V;48539407009840;10427;E;756000;300000;20160108;20160122
V;48539407009840;10488;E;453520;112000;20160503;20160521
V;48539407009840;10513;E;609097;13000;20160112;20160122
V;48539407009840;10545;E;894983;12000;20160113;20160113
V;48539407009840;10595;E;1980141;32000;20160115;20160122
V;48539407009840;10874;E;401944;100000;20160127;20160128
V;48539407009840;11179;E;264000;40000;20160809;20160822
V;48539407009840;11189;E;310000;1000000;20160811;20160812
V;48539407009840;11238;E;779360;200000;20160218;20160222
V;48539407009840;11403;E;236406;3000;20160302;20160311
V;48539407009840;11594;E;2296640;20000;20160315;20160315
V;48539407009840;11689;E;310000;100000;20161029;20161118
V;48539407009840;11693;E;1650000;500000;20161101;20161209
V;48539407009840;11694;E;1828600;500000;20161101;20161203
V;48539407009840;11757;E;2310000;700000;20161108;20161207
V;48539407009840;11758;E;1021000;310000;20161108;20161202
V;48539407009840;11867;E;2592884;10000;20160406;20160415
V;48539407009840;11881;E;1551010;8000;20160408;20160415
V;48539407009840;11951;R;158400;120000;20160415;20160415
V;48539407009840;11980;R;158400;120000;20160418;20160418
V;48539407009840;11981;R;95040;72000;20160418;20160418
V;48539407009840;12216;E;1061000;10000;20170123;20170125
V;48539407009840;12265;E;2995594;10000;20160525;20160527
V;48539407009840;12411;E;7311365;13000;20160713;20160829
V;48539407009840;12532;E;1650000;500000;20161114;20161212
V;48539407009840;17823;E;3122492;1000;20160119;20160120
V;48539407009840;20247;E;735213;3000;20160121;20160121
V;48539407009840;20289;E;404760;1000;20160123;20160123
V;48539407009840;20870;E;670789;3000;20160401;20160422
V;48539407009840;24388;E;552000;40000;20160709;20160830
V;48539407009840;25025;E;326656;20000;20160609;20160610
V;48539407009840;25289;E;172906;9000;20160616;20160616
V;48539407009840;25289;E;172906;9000;20160616;20160627
V;48539407009840;25912;E;58940;20000;20160820;20160919
V;48539407009840;26884;E;546500;24000;20160812;20160829
V;48539407009840;26932;E;264000;40000;20160919;20160921
V;48539407009840;28085;E;3284140;5000;20161021;20161025
V;48539407009840;29549;E;52854;3000;20161123;20161212
V;48539407009840;29977;E;6160920;200000;20161210;20161213
V;48539407009840;30469;E;6733920;300000;20161220;20161224
V;48539407009840;31716;E;3517440;100000;20170114;20170203
V;48539407009840;91535;E;30490;4000;20160107;20160107
V;58133703000178;10170;E;5281213;16000;20151216;20160120
V;58133703000178;11181;E;162786;2000;20160215;20160222
V;58133703000178;11421;E;119754;27000;20160303;20160311
V;58133703000178;11661;E;73664;32000;20160318;20160321
V;58133703000178;11777;E;1169193;1000;20160330;20160330
V;58133703000178;11811;E;722130;100000;20160401;20160422
V;58133703000178;11904;E;36832;16000;20160412;20160414
V;58133703000178;12011;E;144234;10000;20160420;20160422
V;58133703000178;12070;E;1400381;84000;20160427;20160429
V;58133703000178;12076;E;412338;6000;20160428;20160429
V;58133703000178;12107;E;654300;12000;20160503;20160509
V;58133703000178;12152;E;2058712;22000;20160510;20160520
V;58133703000178;12223;E;860200;200000;20160519;20160521
V;58133703000178;12293;E;531584;12000;20160603;20160608
V;58133703000178;12304;E;3306520;28000;20160608;20160610
V;58133703000178;12411;E;7311365;14726000;20160713;20160829
V;58133703000178;12463;E;1515188;204000;20160902;20161005
V;58133703000178;12474;E;2229276;48000;20160917;20161006
V;58133703000178;12598;E;3781050;182000;20170207;20170209
V;58133703000178;15075;E;38124;12000;20170428;20170428
V;58133703000178;15493;E;279524;12000;20170510;20170510
V;58133703000178;19322;E;2221023;147000;20151210;20160120
V;58133703000178;19750;E;513456;26000;20160302;20160311
V;58133703000178;20346;E;661526;16000;20160401;20160420
V;58133703000178;20347;E;1485220;132000;20160401;20160420
V;58133703000178;20499;E;980670;60000;20160425;20160520
V;58133703000178;20500;E;5094573;487000;20160425;20160520
V;58133703000178;20789;E;6443888;4680000;20160530;20160718
V;58133703000178;20790;E;4743096;599000;20160530;20160617
V;58133703000178;21052;E;6962354;7000;20160215;20160222
V;58133703000178;21438;E;1514838;204000;20160815;20160825
V;58133703000178;21569;E;1130242;48000;20160901;20160922
V;58133703000178;21569;E;1130242;43200;20160901;20161024
V;58133703000178;21571;E;5054551;289200;20160901;20161006
V;58133703000178;22338;E;3008805;401000;20161219;20170113
V;58133703000178;22340;E;705162;60000;20161219;20170113
V;58133703000178;22473;E;3781050;182000;20170120;20170208
V;58133703000178;22474;E;4828548;288000;20170120;20170131
V;58133703000178;22709;E;305650;1000;20160401;20160402
V;58133703000178;22885;E;28450;1000;20160409;20160415
V;58133703000178;23014;E;121233;12000;20160606;20160608
V;58133703000178;23024;E;1444988;204000;20170404;20170420
V;58133703000178;23056;E;257347;7000;20160414;20160415
V;58133703000178;23214;E;1390466;120000;20170428;20170522
V;58133703000178;24396;E;390700;5000;20160524;20160527
V;58133703000178;24636;E;986100;58000;20160530;20160531
V;58133703000178;24675;E;443622;10000;20160530;20160531
V;58133703000178;24679;E;75500;5000;20160530;20160531
V;58133703000178;24897;E;39768;144000;20160725;20160823
V;58133703000178;26132;E;1866242;87000;20160827;20160919
V;58133703000178;26148;E;196072;432000;20160719;20160721
V;58133703000178;26164;E;168910;1600000;20160829;20160830
V;58133703000178;26786;E;158200;60000;20160810;20160822
V;58133703000178;27268;E;163382;36000;20160928;20161007
V;58133703000178;28244;E;2445492;24000;20161025;20161027
V;58133703000178;30187;E;119544;48000;20161215;20161215
V;58133703000178;30467;E;191808;64000;20161220;20161224
V;58133703000178;30989;E;6205553;32000;20161230;20170102
V;58133703000178;32801;E;4676584;24000;20170206;20170207
V;58133703000178;34403;E;2868417;255000;20170304;20170304
V;58133703000178;36136;E;1018401;42000;20170516;20170516
V;58133703000178;36311;E;1210922;63000;20170523;20170523
V;60744463001080;120;E;3000000;1200000;20160502;20160502
V;60744463001080;1673;E;576000;240000;20170510;20170520
V;60744463001080;1674;E;1728000;720000;20170510;20170519
V;60744463001080;1675;E;1603700;505000;20170510;20170519
V;60744463001080;4321;E;1528435;347000;20160509;20160518
V;60744463001080;8720;E;9180000;2106000;20160108;20160111
V;60744463001080;8721;E;9180000;2106000;20160108;20160109
V;60744463001080;9096;E;6395400;2508000;20160121;20160122
V;60744463001080;9097;E;6364800;2496000;20160121;20160125
V;60744463001080;10165;E;3441900;648000;20151215;20160107
V;60744463001080;10265;E;702680;40000;20151224;20160121
V;60744463001080;10319;E;540000;40000;20151231;20160121
V;60744463001080;10366;E;674484;40000;20160105;20160122
V;60744463001080;10382;E;324000;24000;20160106;20160122
V;60744463001080;10410;E;1301403;480000;20160107;20160122
V;60744463001080;10419;E;2412352;435000;20160107;20160127
V;60744463001080;10420;E;329663;4000;20160107;20160122
V;60744463001080;10471;E;107260;24000;20160111;20160122
V;60744463001080;10493;E;131512;12000;20160112;20160122
V;60744463001080;10511;E;122960;4000;20160112;20160122
V;60744463001080;10513;E;609097;18000;20160112;20160122
V;60744463001080;10545;E;894983;24000;20160113;20160113
V;60744463001080;10581;E;286350;73000;20160114;20160122
V;60744463001080;10582;E;1614601;48000;20160114;20160114
V;60744463001080;10595;E;1980141;136000;20160115;20160122
V;60744463001080;10624;E;1583452;360000;20160116;20160122
V;60744463001080;10664;E;520896;192000;20160314;20160318
V;60744463001080;10836;E;5357010;564000;20160126;20160127
V;60744463001080;10837;E;273495;20000;20160126;20160127
V;60744463001080;10851;E;1530000;360000;20160126;20160128
V;60744463001080;10901;E;903417;28000;20160128;20160201
V;60744463001080;10951;E;153000;60000;20160130;20160130
V;60744463001080;11289;E;15165212;4188000;20160222;20160226
V;60744463001080;11391;E;1984018;180000;20160301;20160314
V;60744463001080;11458;E;659148;156000;20160305;20160311
V;60744463001080;11500;E;920396;12000;20160309;20160311
V;60744463001080;11684;E;1133885;120000;20160319;20160321
V;60744463001080;11719;E;463810;120000;20160323;20160328
V;60744463001080;11721;E;6075544;254000;20160323;20160328
V;60744463001080;11733;E;2176057;61000;20160324;20160328
V;60744463001080;11775;E;1518617;74000;20160330;20160330
V;60744463001080;11776;E;659473;2000;20160330;20160331
V;60744463001080;11777;E;1169193;49000;20160330;20160330
V;60744463001080;11809;E;1485131;2000;20160401;20160402
V;60744463001080;11810;E;1844496;145000;20160401;20160402
V;60744463001080;11812;E;822574;39000;20160401;20160402
V;60744463001080;11827;E;916560;120000;20160402;20160413
V;60744463001080;11860;E;731722;60000;20160405;20160414
V;60744463001080;11863;E;1213041;72000;20160406;20160422
V;60744463001080;11865;E;615962;24000;20160406;20160406
V;60744463001080;11867;E;2592884;110000;20160406;20160415
V;60744463001080;11881;E;1551010;74000;20160408;20160415
V;60744463001080;11921;E;1105989;13000;20160413;20160422
V;60744463001080;11926;E;875584;60000;20160413;20160422
V;60744463001080;11927;E;1823750;12000;20160413;20160415
V;60744463001080;11943;E;1876697;180000;20160414;20160415
V;60744463001080;11947;E;1222899;30000;20160415;20160415
V;60744463001080;11991;E;505198;3000;20160419;20160419
V;60744463001080;12070;E;1400381;48000;20160427;20160429
V;60744463001080;12107;E;654300;120000;20160503;20160509
V;60744463001080;12110;E;656160;240000;20160504;20160509
V;60744463001080;12112;E;438840;180000;20170510;20170525
V;60744463001080;12203;E;523993;72000;20160518;20160520
V;60744463001080;12219;E;577551;159000;20160519;20160520
V;60744463001080;12222;E;436684;2000;20160519;20160521
V;60744463001080;12255;E;977160;240000;20160523;20160524
V;60744463001080;12265;E;2995594;42000;20160525;20160527
V;60744463001080;12290;E;808200;300000;20160530;20160531
V;60744463001080;12304;E;3306520;29000;20160608;20160610
V;60744463001080;12305;E;191520;48000;20160609;20160621
V;60744463001080;12307;E;7098950;5000;20160614;20160621
V;60744463001080;12322;E;3065242;19972000;20160629;20160804
V;60744463001080;12385;E;9770830;59000;20160709;20160829
V;60744463001080;12557;E;4381104;2832000;20161213;20161215
V;60744463001080;12558;E;9894096;768000;20161213;20161214
V;60744463001080;12560;E;12629569;2832000;20161216;20161224
V;60744463001080;12580;E;9168000;6000000;20170106;20170203
V;60744463001080;12960;E;3533640;2400000;20170311;20170314
V;60744463001080;13087;E;417100;5000;20170313;20170316
V;60744463001080;13091;E;637680;240000;20170314;20170316
V;60744463001080;15151;E;4760000;100000;20160107;20160122
V;60744463001080;15180;E;4720000;100000;20160112;20160125
V;60744463001080;15518;E;455040;12000;20170510;20170511
V;60744463001080;16575;E;325344;96000;20170601;20170601
V;60744463001080;16586;E;5640000;2400000;20160830;20160919
V;60744463001080;16587;E;3500000;1240000;20160830;20160916
V;60744463001080;16685;E;2720000;640000;20160916;20161007
V;60744463001080;16686;E;340000;20000;20160916;20161005
V;60744463001080;17064;E;8100000;500000;20161128;20161210
V;60744463001080;17065;E;8100000;500000;20161128;20161209
V;60744463001080;17360;E;960000;16000;20170112;20170125
V;60744463001080;17726;E;3373890;60000;20160117;20160122
V;60744463001080;17823;E;3122492;19000;20160119;20160120
V;60744463001080;18221;E;696000;240000;20161024;20161111
V;60744463001080;19702;E;748100;12000;20160108;20160113
V;60744463001080;20214;E;43848;2000;20160120;20160120
V;60744463001080;20235;E;777018;17000;20160121;20160121
V;60744463001080;20247;E;735213;15000;20160121;20160121
V;60744463001080;24615;E;443078;480000;20160716;20160721
V;60744463001080;24811;E;628097;24000;20160601;20160603
V;60744463001080;26192;E;81175;5000;20160830;20160919
V;60744463001080;26718;E;2745044;20000;20160913;20160915
V;60744463001080;27991;E;11280600;620000;20161018;20161019
V;60744463001080;27993;E;100290;4000;20161020;20161020
V;60744463001080;28646;E;2143500;15000;20161108;20161111
V;60744463001080;29019;E;47600;1000;20161117;20161129
V;60744463001080;29046;E;4977992;120000;20161117;20161130
V;60744463001080;29147;E;428400;9000;20161121;20161129
V;60744463001080;29236;E;276300;60000;20161122;20161212
V;60744463001080;29390;E;3489820;60000;20161125;20161130
V;60744463001080;30215;E;928200;600000;20161215;20170201
V;60744463001080;30577;E;7589401;120000;20161222;20161224
V;60744463001080;31330;E;736860;360000;20170109;20170112
V;60744463001080;31362;E;1648800;360000;20170109;20170203
V;60744463001080;31377;E;6537930;3000000;20170109;20170112
V;60744463001080;31553;E;261332;24000;20170110;20170204
V;60744463001080;31717;E;11812320;1560000;20170114;20170118
V;60744463001080;31811;E;313000;5000;20170116;20170118
V;60744463001080;31865;E;1945540;10000;20170117;20170204
V;60744463001080;31971;E;1604980;15000;20170119;20170204
V;60744463001080;32423;E;1232324;15000;20170130;20170204
V;60744463001080;32566;E;1063032;120000;20170201;20170220
V;60744463001080;32568;E;476000;10000;20170201;20170220
V;60744463001080;32688;E;5118050;25000;20170203;20170207
V;60744463001080;32813;E;1519000;10000;20170206;20170207
V;60744463001080;32991;E;118536;2000;20170209;20170209
V;60744463001080;32994;E;2430000;50000;20170116;20170118
V;60744463001080;33033;E;1945906;2000;20170211;20170211
V;60744463001080;33272;E;2430000;50000;20170127;20170127
V;60744463001080;34408;E;4607746;78000;20170304;20170304
V;60744463001080;35028;E;4883400;1800000;20160206;20160212
V;60744463001080;35029;E;4883400;1800000;20160206;20160210
V;60744463001080;36490;E;552080;120000;20170529;20170529
V;60744463001080;36804;E;1627800;600000;20160315;20160318
V;60744463001080;36805;E;1106904;408000;20160315;20160318
V;60744463001080;39466;E;9168000;6000000;20161228;20170112
V;60744463001080;43732;E;1034880;252000;20160517;20160531
V;60744463001080;48352;E;439440;240000;20160510;20160518
V;60744463001080;128223;E;1663500;629000;20170105;20170112
V;60744463001080;129820;E;602400;240000;20170118;20170125
V;60744463001080;301972;E;1249740;720000;20160615;20160629
V;60744463001080;301973;E;1842444;408000;20160615;20160629
V;60744463001080;301974;E;228618;24000;20160615;20160629
V;60744463001080;301975;E;1319746;338000;20160615;20160629
V;60744463001080;301976;E;603360;240000;20160615;20160629
V;60744463001080;343029;E;5500800;300000;20161130;20161212
V;60744463001080;354032;E;5543064;4008000;20170224;20170311
V;61142550000130;10170;E;5281213;30000;20151216;20160120
V;61142550000130;10419;E;2412352;1000;20160107;20160127
V;61142550000130;11194;E;5125360;120000;20160215;20160222
V;61142550000130;11500;E;920396;450000;20160309;20160311
V;61142550000130;11594;E;2296640;60000;20160315;20160315
V;61142550000130;11684;E;1133885;30000;20160319;20160321
V;61142550000130;11731;E;258840;84000;20160323;20160323
V;61142550000130;11865;E;615962;1000;20160406;20160406
V;61142550000130;11881;E;1551010;45000;20160408;20160415
V;61142550000130;11898;E;657531;6000;20160411;20160411
V;61142550000130;11927;E;1823750;410000;20160413;20160415
V;61142550000130;11947;E;1222899;14000;20160415;20160415
V;61142550000130;12152;E;2058712;120000;20160510;20160520
V;61142550000130;12212;E;218100;60000;20160519;20160520
V;61142550000130;12223;E;860200;4000;20160519;20160521
V;61142550000130;12265;E;2995594;16000;20160525;20160527
V;61142550000130;12304;E;3306520;11000;20160608;20160610
V;61142550000130;12311;E;382269;2700000;20160621;20160823
V;61142550000130;12312;E;382269;90000;20160621;20160627
V;61142550000130;12385;E;9770830;34000;20160709;20160829
V;61142550000130;12446;E;3229776;36144000;20160801;20160815
V;61142550000130;12457;E;10322080;234000;20160825;20160919
V;61142550000130;12458;E;3619080;162000;20160825;20160830
V;61142550000130;12503;E;14266500;1215000;20161015;20170117
V;61142550000130;12528;E;6624540;1800000;20161109;20161130
V;61142550000130;12594;E;9619757;24000;20170131;20170203
V;61142550000130;12620;E;125840;44000;20170306;20170306
V;61142550000130;13087;E;417100;90000;20170313;20170316
V;61142550000130;14852;E;1301754;30000;20170425;20170425
V;61142550000130;14927;E;2452800;120000;20170425;20170426
V;61142550000130;25363;E;787390;9160000;20160806;20160818
V;61142550000130;25885;E;807530;9030000;20160819;20160826
V;61142550000130;25901;E;825810;4500000;20160820;20160830
V;61142550000130;25903;E;111720;1800000;20160820;20160830
V;61142550000130;25996;E;76000;1200000;20160712;20160829
V;61142550000130;26061;R;415800;72000;20160825;20160825
V;61142550000130;27699;E;316302;12000;20160913;20161005
V;61142550000130;27993;E;100290;30000;20161020;20161020
V;61142550000130;28085;E;3284140;110000;20161021;20161025
V;61142550000130;28646;E;2143500;100000;20161108;20161111
V;61142550000130;28975;E;1226535;300000;20161116;20161129
V;61142550000130;29047;E;71220;12000;20161117;20161129
V;61142550000130;29080;E;839920;72000;20161118;20161202
V;61142550000130;29205;E;1409400;60000;20161122;20161212
V;61142550000130;30577;E;7589401;160000;20161222;20161224
V;61142550000130;30816;E;103980;60000;20161227;20161228
V;61142550000130;30888;E;617970;36000;20161229;20161229
V;61142550000130;31117;E;68640;24000;20170104;20170104
V;61142550000130;31205;E;1959200;80000;20170105;20170107
V;61142550000130;31717;E;11812320;30000;20170114;20170118
V;61142550000130;31878;E;645073;12000;20170117;20170117
V;61142550000130;31882;E;1014040;46000;20170117;20170118
V;61142550000130;31885;E;379720;22000;20170118;20170118
V;61142550000130;32138;E;2597392;40000;20170121;20170123
V;61142550000130;32206;E;1589107;120000;20170123;20170124
V;61142550000130;32272;E;535760;11000;20170124;20170126
V;61142550000130;32346;E;1837654;5000;20170127;20170204
V;61142550000130;32367;E;103620;6000;20170128;20170204
V;61142550000130;32429;E;1631350;5000;20170130;20170204
V;61142550000130;32665;E;875856;120000;20170130;20170131
V;61142550000130;32688;E;5118050;3000;20170203;20170207
V;61142550000130;33697;E;2556770;150000;20170217;20170221
V;61142550000130;34034;E;511190;40000;20170223;20170225
V;61142550000130;34405;E;11116374;1143000;20170304;20170304
V;61142550000130;35209;E;1573683;9000;20170417;20170417
V;61142550000130;55687;E;4775727;1296000;20160226;20160306
V;61142550000130;59390;E;3959957;360000;20160713;20160822
V;61142550000130;59716;E;3635522;1332000;20160723;20160804
V;61142550000130;60223;E;4337927;306000;20160809;20160825
V;61142550000130;62123;E;12010500;1215000;20160929;20161015
V;61142550000130;63279;E;6425804;60000;20161029;20161111
V;61142550000130;66877;E;9042601;24000;20170120;20170209
V;61142550000130;69682;E;3818832;1500000;20170517;20170529
V;61142550000130;115428;E;415800;72000;20160824;20160825
V;61142550000130;115568;E;415800;72000;20160825;20160830
V;61142550000130;329267;E;1562808;24000;20160419;20160507
V;61142550000130;1182330;E;241074;18000;20161213;20161220
V;64858525000226;648;E;30000;1000;20160615;20160824
V;64858525000226;10420;E;329663;3000;20160107;20160122
V;64858525000226;10459;E;88054;4000;20160111;20160122
V;64858525000226;10460;E;53060;2000;20160111;20160122
V;64858525000226;10489;E;57668;4000;20160112;20160122
V;64858525000226;10515;E;21620;1000;20160113;20160122
V;64858525000226;10582;E;1614601;2000;20160114;20160114
V;64858525000226;10595;E;1980141;3000;20160115;20160122
V;64858525000226;10736;E;2067278;5000;20160121;20160121
V;64858525000226;10901;E;903417;3000;20160128;20160201
V;64858525000226;10903;E;462458;4000;20160128;20160201
V;64858525000226;11241;E;571613;15000;20160218;20160222
V;64858525000226;11289;E;15165212;1000;20160222;20160226
V;64858525000226;11391;E;1984018;72000;20160301;20160314
V;64858525000226;11683;E;678526;4000;20160319;20160321
V;64858525000226;11777;E;1169193;216000;20160330;20160330
V;64858525000226;11809;E;1485131;366000;20160401;20160402
V;64858525000226;11812;E;822574;45000;20160401;20160402
V;64858525000226;11860;E;731722;85000;20160405;20160414
V;64858525000226;11863;E;1213041;54000;20160406;20160422
V;64858525000226;11864;E;1057344;15000;20160406;20160422
V;64858525000226;11865;E;615962;53000;20160406;20160406
V;64858525000226;11866;E;1652835;86000;20160406;20160422
V;64858525000226;11867;E;2592884;16000;20160406;20160415
V;64858525000226;11868;E;1322921;144000;20160406;20160415
V;64858525000226;11869;E;1326296;53000;20160406;20160422
V;64858525000226;11881;E;1551010;18000;20160408;20160415
V;64858525000226;11927;E;1823750;29000;20160413;20160415
V;64858525000226;12145;E;512630;228000;20160507;20160520
V;64858525000226;12539;E;13378800;8288000;20161121;20161201
V;64858525000226;12558;E;9894096;5105000;20161213;20161214
V;64858525000226;12560;E;12629569;5343000;20161216;20161224
V;64858525000226;12603;E;11603520;8640000;20170213;20170217
V;64858525000226;13176;E;342750;48000;20170315;20170316
V;64858525000226;13469;E;507200;48000;20170321;20170322
V;64858525000226;14237;E;1560000;1200000;20170407;20170407
V;64858525000226;14267;E;677813;300000;20170408;20170408
V;64858525000226;14317;E;1550000;600000;20170410;20170411
V;64858525000226;14418;E;1905000;600000;20170412;20170412
V;64858525000226;15445;E;1470720;840000;20170509;20170509
V;64858525000226;15493;E;279524;120000;20170510;20170510
V;64858525000226;16629;E;335921;240000;20170601;20170602
V;64858525000226;16653;E;202916;120000;20170602;20170602
V;64858525000226;16756;E;321840;240000;20170605;20170606
V;64858525000226;16845;E;573944;120000;20170607;20170607
V;64858525000226;16876;E;156000;120000;20170607;20170607
V;64858525000226;18159;E;2788940;600000;20160127;20160201
V;64858525000226;18980;E;2572000;720000;20160215;20160222
V;64858525000226;19502;E;3715784;55000;20151230;20160119
V;64858525000226;19691;E;317420;40000;20160108;20160113
V;64858525000226;19726;E;1072200;600000;20160301;20160311
V;64858525000226;19750;E;513456;24000;20160302;20160311
V;64858525000226;19790;E;1866960;48000;20160111;20160113
V;64858525000226;20289;E;404760;12000;20160123;20160123
V;64858525000226;20365;E;1423248;5000;20160125;20160126
V;64858525000226;20445;E;1155803;132000;20160630;20160713
V;64858525000226;20474;E;2872360;1800000;20160127;20160127
V;64858525000226;20608;E;2990712;240000;20160328;20160331
V;64858525000226;20899;E;1604880;180000;20160404;20160413
V;64858525000226;21052;E;6962354;2160000;20160215;20160222
V;64858525000226;21615;E;383040;240000;20160229;20160229
V;64858525000226;21714;E;1036904;600000;20160301;20160311
V;64858525000226;21724;E;476100;300000;20160302;20160311
V;64858525000226;21726;E;476100;300000;20160302;20160311
V;64858525000226;21878;E;383040;240000;20160307;20160311
V;64858525000226;21879;E;108252;12000;20160307;20160311
V;64858525000226;21930;E;383040;240000;20160309;20160311
V;64858525000226;22358;E;965508;180000;20160318;20160318
V;64858525000226;22497;E;3403880;240000;20160328;20160328
V;64858525000226;22731;E;96864;24000;20160402;20160402
V;64858525000226;22792;E;1850640;180000;20160404;20160413
V;64858525000226;23700;E;204710;120000;20160503;20160509
V;64858525000226;23786;E;333480;168000;20160506;20160520
V;64858525000226;23798;E;476400;240000;20160506;20160520
V;64858525000226;25946;E;918106;360000;20160822;20160830
V;64858525000226;26702;E;449700;300000;20160805;20160822
V;64858525000226;26710;E;1260000;840000;20160806;20160822
V;64858525000226;27453;E;711803;24000;20160901;20161005
V;64858525000226;29977;E;6160920;1800000;20161210;20161213
V;64858525000226;30809;E;3612600;2700000;20161227;20161228
V;64858525000226;30885;E;562560;240000;20161228;20170201
V;64858525000226;30989;E;6205553;360000;20161230;20170102
V;64858525000226;31581;E;947780;50000;20170112;20170203
V;64858525000226;31716;E;3517440;123000;20170114;20170203
V;64858525000226;31928;E;773440;40000;20170118;20170204
V;64858525000226;31936;E;744600;80000;20170118;20170204
V;64858525000226;32138;E;2766100;100000;20170123;20170204
V;64858525000226;32308;E;1690490;120000;20170126;20170204
V;64858525000226;32429;E;1631350;120000;20170130;20170204
V;64858525000226;32914;E;62315;1000;20170202;20170203
V;64858525000226;34410;E;17835264;5717000;20170304;20170304
V;64858525000226;55599;E;15916320;10080000;20160122;20160128
V;64858525000226;55600;E;15916320;10080000;20160122;20160128
V;64858525000226;56022;E;8043840;5040000;20160203;20160222
V;64858525000226;56500;E;16087680;10080000;20160219;20160229
V;64858525000226;58210;E;3516480;2160000;20160427;20160509
V;64858525000226;58512;E;14404320;10080000;20160520;20160527
V;64858525000226;59920;E;7333200;5040000;20160627;20160704
V;64858525000226;60503;E;7439040;5040000;20160712;20160715
V;64858525000226;61115;E;7554960;5040000;20160728;20160806
V;64858525000226;61870;E;7554960;5040000;20160816;20160824
V;64858525000226;63027;E;4096000;3200000;20160920;20161007
V;64858525000226;63254;E;9201600;6480000;20160924;20161025
V;64858525000226;64148;E;18877280;10200000;20161024;20161101
V;64858525000226;64749;E;3024000;480000;20161117;20161205
V;64858525000226;64773;E;13378800;8288000;20161117;20161121
V;64858525000226;64792;E;22785360;17840000;20161117;20161203
V;64858525000226;65944;E;16480000;10448000;20161208;20161212
V;64858525000226;66140;E;15619520;960000;20161212;20161221
V;64858525000226;66773;E;17340480;12960000;20161226;20170107
V;64858525000226;68134;E;17405280;12960000;20170206;20170215
V;64858525000226;68164;E;11603520;8640000;20170207;20170216
V;64858525000226;68416;E;13749120;10080000;20170214;20170225
V;64858525000226;70149;E;1965600;1440000;20170427;20170505
V;64858525000226;70247;E;2948400;2160000;20170427;20170511
V;64858525000226;70613;E;4797520;2368000;20170519;20170524
V;64858525000226;70614;E;9623360;5968000;20170519;20170524
V;67148692000190;2217;E;6133939;2400000;20160108;20160120
V;67148692000190;2707;E;2786664;1200000;20160310;20160318
V;67148692000190;3123;E;2781541;1200000;20160517;20160527
V;67148692000190;3336;E;1287931;360000;20160701;20160713
V;67148692000190;3578;E;2790793;100000;20160822;20160825
V;67148692000190;3882;E;810498;384000;20161011;20161110
V;67148692000190;3883;E;810498;384000;20161011;20161019
V;67148692000190;4103;E;2771750;100000;20161110;20161209
V;67148692000190;4104;E;2771750;1200000;20161110;20161209
V;67148692000190;4177;E;5543501;2400000;20161122;20161203
V;67148692000190;4460;E;4485960;2312000;20161228;20170105
V;67148692000190;4461;E;4404216;2304000;20161228;20170107
V;67148692000190;4540;E;6616830;3600000;20170110;20170118
V;67148692000190;4541;E;2293862;1200000;20170110;20170120
V;67148692000190;4625;E;1562400;648000;20170119;20170201
V;67148692000190;4626;E;5472000;3000000;20170119;20170201
V;67148692000190;4768;E;2188800;100000;20170210;20170221
V;67148692000190;4769;E;2188800;1200000;20170210;20170221
V;67148692000190;4967;E;1366862;720000;20170313;20170323
V;67148692000190;5018;E;2183182;1200000;20170321;20170331
V;67148692000190;9459;E;1133640;156000;20160127;20160127
V;67148692000190;10165;E;3441900;840000;20151215;20160107
V;67148692000190;10265;E;702680;60000;20151224;20160121
V;67148692000190;10420;E;329663;1000;20160107;20160122
V;67148692000190;10683;E;2467680;960000;20160120;20160128
V;67148692000190;10733;E;1051680;360000;20160121;20160125
V;67148692000190;10737;E;1086510;147000;20160121;20160127
V;67148692000190;10834;E;295554;36000;20160126;20160128
V;67148692000190;10874;E;401944;48000;20160127;20160128
V;67148692000190;11109;E;3510200;900000;20160210;20160213
V;67148692000190;11194;E;5125360;1200000;20160215;20160222
V;67148692000190;11265;E;1064798;180000;20160220;20160222
V;67148692000190;11289;E;15165212;236000;20160222;20160226
V;67148692000190;11354;E;3174398;300000;20160226;20160226
V;67148692000190;11391;E;1984018;48000;20160301;20160314
V;67148692000190;11624;E;2011560;360000;20160316;20160318
V;67148692000190;11721;E;2863920;720000;20160201;20160222
V;67148692000190;11721;E;6075544;470000;20160323;20160328
V;67148692000190;11733;E;2176057;2000;20160324;20160328
V;67148692000190;11775;E;1518617;24000;20160330;20160330
V;67148692000190;11777;E;1169193;36000;20160330;20160330
V;67148692000190;11810;E;1844496;12000;20160401;20160402
V;67148692000190;11827;E;916560;120000;20160402;20160413
V;67148692000190;11847;E;1689960;180000;20160405;20160405
V;67148692000190;11860;E;731722;120000;20160405;20160414
V;67148692000190;11863;E;1213041;12000;20160406;20160422
V;67148692000190;11864;E;1057344;48000;20160406;20160422
V;67148692000190;11865;E;615962;54000;20160406;20160406
V;67148692000190;11866;E;1652835;28000;20160406;20160422
V;67148692000190;11881;E;1551010;96000;20160408;20160415
V;67148692000190;11926;E;875584;48000;20160413;20160422
V;67148692000190;11927;E;1823750;12000;20160413;20160415
V;67148692000190;12274;E;1330080;480000;20160527;20160531
V;67148692000190;12307;E;7098950;48000;20160614;20160621
V;67148692000190;12319;E;356095;1440000;20160628;20160711
V;67148692000190;12324;E;2742142;288000;20160701;20160714
V;67148692000190;12331;E;961805;2160000;20160705;20160711
V;67148692000190;12459;E;2790792;1200000;20160829;20160914
V;67148692000190;12507;E;810624;384000;20161020;20161116
V;67148692000190;12541;E;3120000;1200000;20161124;20161201
V;67148692000190;12577;E;5380800;2312000;20170103;20170105
V;67148692000190;12585;E;2294400;1200000;20170116;20170204
V;67148692000190;12595;E;1612200;648000;20170131;20170203
V;67148692000190;12604;E;2188800;1200000;20170217;20170217
V;67148692000190;12748;E;39000;4000;20170308;20170310
V;67148692000190;14837;E;163787;60000;20170425;20170425
V;67148692000190;19794;E;9400;4000;20160111;20160113
V;67148692000190;21673;E;624054;96000;20160229;20160229
V;67148692000190;24820;E;466784;1440000;20160722;20160806
V;67148692000190;24933;E;496580;1440000;20160726;20160810
V;67148692000190;25708;E;480680;1440000;20160817;20160830
V;67148692000190;26488;E;1396200;600000;20160905;20161007
V;67148692000190;26799;E;624900;240000;20160914;20160921
V;67148692000190;28646;E;2143500;120000;20161108;20161111
V;67148692000190;31143;E;4657200;840000;20170104;20170106
V;67148692000190;31377;E;6537930;960000;20170109;20170112
V;67148692000190;32801;E;4676584;240000;20170206;20170207
V;67148692000190;32805;E;550880;120000;20170206;20170207
V;67148692000190;34175;E;578400;120000;20170225;20170302
V;67148692000190;34402;E;13502214;40000;20170304;20170304
V;67148692000190;34893;E;187776;12000;20170401;20170401
V;67148692000190;34918;E;767194;120000;20170403;20170403
V;67148692000190;35128;E;1301784;120000;20170410;20170410
V;67148692000190;35437;E;222000;120000;20170424;20170425
V;67148692000190;35441;E;163787;60000;20170424;20170425
V;67148692000190;35556;E;44400;24000;20170427;20170427
V;67148692000271;3336;E;1287931;40000;20160701;20160713
V;67148692000271;25980;E;74964;4000;20160823;20160830
V;67148692000271;28708;E;15268;1000;20161026;20161116
V;76719525000305;10600;E;37860;11000;20160115;20160122
V;76719525000305;12302;E;626428;7000;20160608;20160610
V;76719525000305;16598;E;3598000;300000;20151212;20160120
V;76719525000305;17266;E;446058;24000;20160105;20160122
V;76719525000305;17291;E;864400;120000;20160105;20160122
V;76719525000305;20096;E;1952760;252000;20160310;20160314
V;76719525000305;20160;E;958660;240000;20160314;20160314
V;76719525000305;20264;E;818295;12000;20160315;20160318
V;76719525000305;26605;E;1800342;120000;20160909;20161006
V;76719525000305;26858;E;888252;60000;20160916;20160916
V;76719525000305;27172;E;6149658;48000;20160926;20160927
V;76719525000305;28946;E;1368900;240000;20161029;20161116
V;76719525000305;29795;E;335644;24000;20161128;20161212
V;76719525000305;30099;E;157576;60000;20161205;20161209
V;76719525000305;33418;E;5860950;1200000;20160212;20160307
V;76719525000305;34411;E;2000462;227000;20170304;20170304
V;76719525000305;39257;E;1035000;900000;20160929;20161007
V;76719525000305;40872;E;1228140;240000;20161205;20161220
V;76719525000305;40878;E;3374529;360000;20161205;20161214
V;76719525000305;42107;E;2080562;240000;20170131;20170221
V;76719525000305;42135;E;4101670;600000;20170131;20170220
V;96832076000314;20870;E;670789;2000;20160401;20160422
V;96832076000314;20956;E;489464;24000;20160212;20160222
V;96832076000314;25416;E;331200;48000;20160623;20160623
V;96832076000314;27249;E;240000;576000;20160827;20160830
E
