H;10369661000223;20170423;20170423
V;10369661000142;48539407009840;12;;;0;H;20170423
V;10369661000142;48539407009840;12;;;0;H;20170424
V;10369661000142;48539407009840;12;;;0;H;20170425
V;10369661000142;48539407009840;12;;;0;H;20170426
V;10369661000142;48539407009840;12;;;0;H;20170427
V;10369661000142;48539407009840;13;;;0;H;20170423
V;10369661000142;48539407009840;13;;;0;H;20170424
V;10369661000142;48539407009840;13;;;0;H;20170425
V;10369661000142;48539407009840;13;;;0;H;20170426
V;10369661000142;48539407009840;13;;;0;H;20170427
V;10369661000142;48539407009840;17;;;0;H;20170423
V;10369661000142;48539407009840;17;;;0;H;20170424
V;10369661000142;48539407009840;17;;;0;H;20170425
V;10369661000142;48539407009840;17;;;0;H;20170426
V;10369661000142;48539407009840;17;;;0;H;20170427
V;10369661000142;48539407009840;24;;;0;H;20170423
V;10369661000142;48539407009840;24;;;0;H;20170424
V;10369661000142;48539407009840;24;;;0;H;20170425
V;10369661000142;48539407009840;24;;;0;H;20170426
V;10369661000142;48539407009840;24;;;0;H;20170427
V;10369661000142;48539407009840;25;;;0;H;20170423
V;10369661000142;48539407009840;25;;;0;H;20170424
V;10369661000142;48539407009840;25;;;0;H;20170425
V;10369661000142;48539407009840;25;;;0;H;20170426
V;10369661000142;48539407009840;25;;;0;H;20170427
V;10369661000142;48539407009840;26;;;0;H;20170423
V;10369661000142;48539407009840;26;;;0;H;20170424
V;10369661000142;48539407009840;26;;;0;H;20170425
V;10369661000142;48539407009840;26;;;0;H;20170426
V;10369661000142;48539407009840;26;;;0;H;20170427
V;10369661000142;48539407009840;27;;;0;H;20170423
V;10369661000142;48539407009840;27;;;0;H;20170424
V;10369661000142;48539407009840;27;;;0;H;20170425
V;10369661000142;48539407009840;27;;;0;H;20170426
V;10369661000142;48539407009840;27;;;0;H;20170427
V;10369661000142;48539407009840;28;;;0;H;20170423
V;10369661000142;48539407009840;28;;;0;H;20170424
V;10369661000142;48539407009840;28;;;0;H;20170425
V;10369661000142;48539407009840;28;;;0;H;20170426
V;10369661000142;48539407009840;28;;;0;H;20170427
V;10369661000142;48539407009840;29;;;0;H;20170423
V;10369661000142;48539407009840;29;;;0;H;20170424
V;10369661000142;48539407009840;29;;;0;H;20170425
V;10369661000142;48539407009840;29;;;0;H;20170426
V;10369661000142;48539407009840;29;;;0;H;20170427
V;10369661000142;48539407009840;30;;;0;H;20170423
V;10369661000142;48539407009840;30;;;0;H;20170424
V;10369661000142;48539407009840;30;;;0;H;20170425
V;10369661000142;48539407009840;30;;;0;H;20170426
V;10369661000142;48539407009840;30;;;0;H;20170427
V;10369661000142;48539407009840;31;;;0;H;20170423
V;10369661000142;48539407009840;31;;;0;H;20170424
V;10369661000142;48539407009840;31;;;0;H;20170425
V;10369661000142;48539407009840;31;;;0;H;20170426
V;10369661000142;48539407009840;31;;;0;H;20170427
V;10369661000142;47180625002190;32;;;38;H;20170423
V;10369661000142;47180625002190;32;;;38;H;20170424
V;10369661000142;47180625002190;32;;;38;H;20170425
V;10369661000142;47180625002190;32;;;38;H;20170426
V;10369661000142;47180625002190;32;;;38;H;20170427
V;10369661000142;47180625002190;32;;;0;H;20170423
V;10369661000142;47180625002190;32;;;0;H;20170424
V;10369661000142;47180625002190;32;;;0;H;20170425
V;10369661000142;47180625002190;32;;;0;H;20170426
V;10369661000142;47180625002190;32;;;0;H;20170427
V;10369661000142;48539407009840;33;;;10;H;20170423
V;10369661000142;48539407009840;33;;;10;H;20170424
V;10369661000142;48539407009840;33;;;10;H;20170425
V;10369661000142;48539407009840;33;;;10;H;20170426
V;10369661000142;48539407009840;33;;;10;H;20170427
V;10369661000142;48539407009840;34;;;0;H;20170423
V;10369661000142;48539407009840;34;;;0;H;20170424
V;10369661000142;48539407009840;34;;;0;H;20170425
V;10369661000142;48539407009840;34;;;0;H;20170426
V;10369661000142;48539407009840;34;;;0;H;20170427
V;10369661000142;48539407009840;34;;;1545;H;20170423
V;10369661000142;48539407009840;34;;;1545;H;20170424
V;10369661000142;48539407009840;34;;;1545;H;20170425
V;10369661000142;48539407009840;34;;;1545;H;20170426
V;10369661000142;48539407009840;34;;;1545;H;20170427
V;10369661000142;48539407009840;35;;;0;H;20170423
V;10369661000142;48539407009840;35;;;0;H;20170424
V;10369661000142;48539407009840;35;;;0;H;20170425
V;10369661000142;48539407009840;35;;;0;H;20170426
V;10369661000142;48539407009840;35;;;0;H;20170427
V;10369661000142;48539407009840;36;;;0;H;20170423
V;10369661000142;48539407009840;36;;;0;H;20170424
V;10369661000142;48539407009840;36;;;0;H;20170425
V;10369661000142;48539407009840;36;;;0;H;20170426
V;10369661000142;48539407009840;36;;;0;H;20170427
V;10369661000142;48539407009840;37;;;0;H;20170423
V;10369661000142;48539407009840;37;;;0;H;20170424
V;10369661000142;48539407009840;37;;;0;H;20170425
V;10369661000142;48539407009840;37;;;0;H;20170426
V;10369661000142;48539407009840;37;;;0;H;20170427
V;10369661000142;48539407009840;37;;;1;H;20170423
V;10369661000142;48539407009840;37;;;1;H;20170424
V;10369661000142;48539407009840;37;;;1;H;20170425
V;10369661000142;48539407009840;37;;;1;H;20170426
V;10369661000142;48539407009840;37;;;1;H;20170427
V;10369661000142;48539407009840;38;;;0;H;20170423
V;10369661000142;48539407009840;38;;;0;H;20170424
V;10369661000142;48539407009840;38;;;0;H;20170425
V;10369661000142;48539407009840;38;;;0;H;20170426
V;10369661000142;48539407009840;38;;;0;H;20170427
V;10369661000142;48539407009840;39;;;0;H;20170423
V;10369661000142;48539407009840;39;;;0;H;20170424
V;10369661000142;48539407009840;39;;;0;H;20170425
V;10369661000142;48539407009840;39;;;0;H;20170426
V;10369661000142;48539407009840;39;;;0;H;20170427
V;10369661000142;18459628002088;40;;;1022;H;20170423
V;10369661000142;18459628002088;40;;;1022;H;20170424
V;10369661000142;18459628002088;40;;;1022;H;20170425
V;10369661000142;18459628002088;40;;;1022;H;20170426
V;10369661000142;18459628002088;40;;;1022;H;20170427
V;10369661000142;18459628002088;40;;;0;H;20170423
V;10369661000142;18459628002088;40;;;0;H;20170424
V;10369661000142;18459628002088;40;;;0;H;20170425
V;10369661000142;18459628002088;40;;;0;H;20170426
V;10369661000142;18459628002088;40;;;0;H;20170427
V;10369661000142;48539407009840;41;;;0;H;20170423
V;10369661000142;48539407009840;41;;;0;H;20170424
V;10369661000142;48539407009840;41;;;0;H;20170425
V;10369661000142;48539407009840;41;;;0;H;20170426
V;10369661000142;48539407009840;41;;;0;H;20170427
V;10369661000142;48539407009840;42;;;0;H;20170423
V;10369661000142;48539407009840;42;;;0;H;20170424
V;10369661000142;48539407009840;42;;;0;H;20170425
V;10369661000142;48539407009840;42;;;0;H;20170426
V;10369661000142;48539407009840;42;;;0;H;20170427
V;10369661000142;48539407009840;43;;;0;H;20170423
V;10369661000142;48539407009840;43;;;0;H;20170424
V;10369661000142;48539407009840;43;;;0;H;20170425
V;10369661000142;48539407009840;43;;;0;H;20170426
V;10369661000142;48539407009840;43;;;0;H;20170427
V;10369661000142;48539407009840;43;;;38;H;20170423
V;10369661000142;48539407009840;43;;;38;H;20170424
V;10369661000142;48539407009840;43;;;38;H;20170425
V;10369661000142;48539407009840;43;;;38;H;20170426
V;10369661000142;48539407009840;43;;;38;H;20170427
V;10369661000142;48539407009840;44;;;0;H;20170423
V;10369661000142;48539407009840;44;;;0;H;20170424
V;10369661000142;48539407009840;44;;;0;H;20170425
V;10369661000142;48539407009840;44;;;0;H;20170426
V;10369661000142;48539407009840;44;;;0;H;20170427
V;10369661000142;48539407009840;45;;;0;H;20170423
V;10369661000142;48539407009840;45;;;0;H;20170424
V;10369661000142;48539407009840;45;;;0;H;20170425
V;10369661000142;48539407009840;45;;;0;H;20170426
V;10369661000142;48539407009840;45;;;0;H;20170427
V;10369661000142;48539407009840;46;;;0;H;20170423
V;10369661000142;48539407009840;46;;;0;H;20170424
V;10369661000142;48539407009840;46;;;0;H;20170425
V;10369661000142;48539407009840;46;;;0;H;20170426
V;10369661000142;48539407009840;46;;;0;H;20170427
V;10369661000142;48539407009840;47;;;0;H;20170423
V;10369661000142;48539407009840;47;;;0;H;20170424
V;10369661000142;48539407009840;47;;;0;H;20170425
V;10369661000142;48539407009840;47;;;0;H;20170426
V;10369661000142;48539407009840;47;;;0;H;20170427
V;10369661000142;18459628002088;48;;;0;H;20170423
V;10369661000142;18459628002088;48;;;0;H;20170424
V;10369661000142;18459628002088;48;;;0;H;20170425
V;10369661000142;18459628002088;48;;;0;H;20170426
V;10369661000142;18459628002088;48;;;0;H;20170427
V;10369661000142;18459628002088;49;;;48;H;20170423
V;10369661000142;18459628002088;49;;;48;H;20170424
V;10369661000142;18459628002088;49;;;48;H;20170425
V;10369661000142;18459628002088;49;;;48;H;20170426
V;10369661000142;18459628002088;49;;;48;H;20170427
V;10369661000142;18459628002088;49;;;0;H;20170423
V;10369661000142;18459628002088;49;;;0;H;20170424
V;10369661000142;18459628002088;49;;;0;H;20170425
V;10369661000142;18459628002088;49;;;0;H;20170426
V;10369661000142;18459628002088;49;;;0;H;20170427
V;10369661000142;18459628002088;50;;;0;H;20170423
V;10369661000142;18459628002088;50;;;0;H;20170424
V;10369661000142;18459628002088;50;;;0;H;20170425
V;10369661000142;18459628002088;50;;;0;H;20170426
V;10369661000142;18459628002088;50;;;0;H;20170427
V;10369661000142;18459628002088;50;;;6;H;20170423
V;10369661000142;18459628002088;50;;;6;H;20170424
V;10369661000142;18459628002088;50;;;6;H;20170425
V;10369661000142;18459628002088;50;;;6;H;20170426
V;10369661000142;18459628002088;50;;;6;H;20170427
V;10369661000142;18459628002088;51;;;40;H;20170423
V;10369661000142;18459628002088;51;;;40;H;20170424
V;10369661000142;18459628002088;51;;;40;H;20170425
V;10369661000142;18459628002088;51;;;40;H;20170426
V;10369661000142;18459628002088;51;;;40;H;20170427
V;10369661000142;18459628002088;51;;;0;H;20170423
V;10369661000142;18459628002088;51;;;0;H;20170424
V;10369661000142;18459628002088;51;;;0;H;20170425
V;10369661000142;18459628002088;51;;;0;H;20170426
V;10369661000142;18459628002088;51;;;0;H;20170427
V;10369661000142;18459628002088;52;;;9;H;20170423
V;10369661000142;18459628002088;52;;;9;H;20170424
V;10369661000142;18459628002088;52;;;9;H;20170425
V;10369661000142;18459628002088;52;;;9;H;20170426
V;10369661000142;18459628002088;52;;;9;H;20170427
V;10369661000142;18459628002088;53;;;9978;H;20170423
V;10369661000142;18459628002088;53;;;9978;H;20170424
V;10369661000142;18459628002088;53;;;9978;H;20170425
V;10369661000142;18459628002088;53;;;9978;H;20170426
V;10369661000142;18459628002088;53;;;9978;H;20170427
V;10369661000142;18459628002088;53;;;8951;H;20170423
V;10369661000142;18459628002088;53;;;8951;H;20170424
V;10369661000142;18459628002088;53;;;8951;H;20170425
V;10369661000142;18459628002088;53;;;8951;H;20170426
V;10369661000142;18459628002088;53;;;8951;H;20170427
V;10369661000142;18459628002088;55;;;0;H;20170423
V;10369661000142;18459628002088;55;;;0;H;20170424
V;10369661000142;18459628002088;55;;;0;H;20170425
V;10369661000142;18459628002088;55;;;0;H;20170426
V;10369661000142;18459628002088;55;;;0;H;20170427
V;10369661000142;18459628002088;56;;;86;H;20170423
V;10369661000142;18459628002088;56;;;86;H;20170424
V;10369661000142;18459628002088;56;;;86;H;20170425
V;10369661000142;18459628002088;56;;;86;H;20170426
V;10369661000142;18459628002088;56;;;86;H;20170427
V;10369661000142;18459628002088;56;;;0;H;20170423
V;10369661000142;18459628002088;56;;;0;H;20170424
V;10369661000142;18459628002088;56;;;0;H;20170425
V;10369661000142;18459628002088;56;;;0;H;20170426
V;10369661000142;18459628002088;56;;;0;H;20170427
V;10369661000142;18459628002088;57;;;0;H;20170423
V;10369661000142;18459628002088;57;;;0;H;20170424
V;10369661000142;18459628002088;57;;;0;H;20170425
V;10369661000142;18459628002088;57;;;0;H;20170426
V;10369661000142;18459628002088;57;;;0;H;20170427
V;10369661000142;18459628002088;58;;;399;H;20170423
V;10369661000142;18459628002088;58;;;399;H;20170424
V;10369661000142;18459628002088;58;;;399;H;20170425
V;10369661000142;18459628002088;58;;;399;H;20170426
V;10369661000142;18459628002088;58;;;399;H;20170427
V;10369661000142;18459628002088;58;;;0;H;20170423
V;10369661000142;18459628002088;58;;;0;H;20170424
V;10369661000142;18459628002088;58;;;0;H;20170425
V;10369661000142;18459628002088;58;;;0;H;20170426
V;10369661000142;18459628002088;58;;;0;H;20170427
V;10369661000142;18459628002088;59;;;0;H;20170423
V;10369661000142;18459628002088;59;;;0;H;20170424
V;10369661000142;18459628002088;59;;;0;H;20170425
V;10369661000142;18459628002088;59;;;0;H;20170426
V;10369661000142;18459628002088;59;;;0;H;20170427
V;10369661000142;18459628002088;61;;;1;H;20170423
V;10369661000142;18459628002088;61;;;1;H;20170424
V;10369661000142;18459628002088;61;;;1;H;20170425
V;10369661000142;18459628002088;61;;;1;H;20170426
V;10369661000142;18459628002088;61;;;1;H;20170427
V;10369661000142;18459628002088;61;;;0;H;20170423
V;10369661000142;18459628002088;61;;;0;H;20170424
V;10369661000142;18459628002088;61;;;0;H;20170425
V;10369661000142;18459628002088;61;;;0;H;20170426
V;10369661000142;18459628002088;61;;;0;H;20170427
V;10369661000142;18459628002088;65;;;0;H;20170423
V;10369661000142;18459628002088;65;;;0;H;20170424
V;10369661000142;18459628002088;65;;;0;H;20170425
V;10369661000142;18459628002088;65;;;0;H;20170426
V;10369661000142;18459628002088;65;;;0;H;20170427
V;10369661000142;18459628002088;65;;;1;H;20170423
V;10369661000142;18459628002088;65;;;1;H;20170424
V;10369661000142;18459628002088;65;;;1;H;20170425
V;10369661000142;18459628002088;65;;;1;H;20170426
V;10369661000142;18459628002088;65;;;1;H;20170427
V;10369661000142;08789294000194;66;;;0;H;20170423
V;10369661000142;08789294000194;66;;;0;H;20170424
V;10369661000142;08789294000194;66;;;0;H;20170425
V;10369661000142;08789294000194;66;;;0;H;20170426
V;10369661000142;08789294000194;66;;;0;H;20170427
V;10369661000142;08789294000194;66;;;198;H;20170423
V;10369661000142;08789294000194;66;;;198;H;20170424
V;10369661000142;08789294000194;66;;;198;H;20170425
V;10369661000142;08789294000194;66;;;198;H;20170426
V;10369661000142;08789294000194;66;;;198;H;20170427
V;10369661000142;18459628002088;67;;;0;H;20170423
V;10369661000142;18459628002088;67;;;0;H;20170424
V;10369661000142;18459628002088;67;;;0;H;20170425
V;10369661000142;18459628002088;67;;;0;H;20170426
V;10369661000142;18459628002088;67;;;0;H;20170427
V;10369661000142;18459628002088;68;;;0;H;20170423
V;10369661000142;18459628002088;68;;;0;H;20170424
V;10369661000142;18459628002088;68;;;0;H;20170425
V;10369661000142;18459628002088;68;;;0;H;20170426
V;10369661000142;18459628002088;68;;;0;H;20170427
V;10369661000142;60744463001080;69;;;0;H;20170423
V;10369661000142;60744463001080;69;;;0;H;20170424
V;10369661000142;60744463001080;69;;;0;H;20170425
V;10369661000142;60744463001080;69;;;0;H;20170426
V;10369661000142;60744463001080;69;;;0;H;20170427
V;10369661000142;07467822000126;70;;;171;H;20170423
V;10369661000142;07467822000126;70;;;171;H;20170424
V;10369661000142;07467822000126;70;;;171;H;20170425
V;10369661000142;07467822000126;70;;;171;H;20170426
V;10369661000142;07467822000126;70;;;171;H;20170427
V;10369661000142;07467822000126;70;;;0;H;20170423
V;10369661000142;07467822000126;70;;;0;H;20170424
V;10369661000142;07467822000126;70;;;0;H;20170425
V;10369661000142;07467822000126;70;;;0;H;20170426
V;10369661000142;07467822000126;70;;;0;H;20170427
V;10369661000142;07467822000126;71;;;19222;H;20170423
V;10369661000142;07467822000126;71;;;19222;H;20170424
V;10369661000142;07467822000126;71;;;19222;H;20170425
V;10369661000142;07467822000126;71;;;19222;H;20170426
V;10369661000142;07467822000126;71;;;19222;H;20170427
V;10369661000142;07467822000126;71;;;0;H;20170423
V;10369661000142;07467822000126;71;;;0;H;20170424
V;10369661000142;07467822000126;71;;;0;H;20170425
V;10369661000142;07467822000126;71;;;0;H;20170426
V;10369661000142;07467822000126;71;;;0;H;20170427
V;10369661000142;07467822000126;72;;;48;H;20170423
V;10369661000142;07467822000126;72;;;48;H;20170424
V;10369661000142;07467822000126;72;;;48;H;20170425
V;10369661000142;07467822000126;72;;;48;H;20170426
V;10369661000142;07467822000126;72;;;48;H;20170427
V;10369661000142;07467822000126;72;;;0;H;20170423
V;10369661000142;07467822000126;72;;;0;H;20170424
V;10369661000142;07467822000126;72;;;0;H;20170425
V;10369661000142;07467822000126;72;;;0;H;20170426
V;10369661000142;07467822000126;72;;;0;H;20170427
V;10369661000142;07467822000126;73;;;33;H;20170423
V;10369661000142;07467822000126;73;;;33;H;20170424
V;10369661000142;07467822000126;73;;;33;H;20170425
V;10369661000142;07467822000126;73;;;33;H;20170426
V;10369661000142;07467822000126;73;;;33;H;20170427
V;10369661000142;07467822000126;73;;;0;H;20170423
V;10369661000142;07467822000126;73;;;0;H;20170424
V;10369661000142;07467822000126;73;;;0;H;20170425
V;10369661000142;07467822000126;73;;;0;H;20170426
V;10369661000142;07467822000126;73;;;0;H;20170427
V;10369661000142;18459628002088;74;;;0;H;20170423
V;10369661000142;18459628002088;74;;;0;H;20170424
V;10369661000142;18459628002088;74;;;0;H;20170425
V;10369661000142;18459628002088;74;;;0;H;20170426
V;10369661000142;18459628002088;74;;;0;H;20170427
V;10369661000142;18459628002088;74;;;35;H;20170423
V;10369661000142;18459628002088;74;;;35;H;20170424
V;10369661000142;18459628002088;74;;;35;H;20170425
V;10369661000142;18459628002088;74;;;35;H;20170426
V;10369661000142;18459628002088;74;;;35;H;20170427
V;10369661000142;18459628002088;75;;;0;H;20170423
V;10369661000142;18459628002088;75;;;0;H;20170424
V;10369661000142;18459628002088;75;;;0;H;20170425
V;10369661000142;18459628002088;75;;;0;H;20170426
V;10369661000142;18459628002088;75;;;0;H;20170427
V;10369661000142;18459628002088;75;;;2;H;20170423
V;10369661000142;18459628002088;75;;;2;H;20170424
V;10369661000142;18459628002088;75;;;2;H;20170425
V;10369661000142;18459628002088;75;;;2;H;20170426
V;10369661000142;18459628002088;75;;;2;H;20170427
V;10369661000142;18459628002088;76;;;103;H;20170423
V;10369661000142;18459628002088;76;;;103;H;20170424
V;10369661000142;18459628002088;76;;;103;H;20170425
V;10369661000142;18459628002088;76;;;103;H;20170426
V;10369661000142;18459628002088;76;;;103;H;20170427
V;10369661000142;18459628002088;76;;;0;H;20170423
V;10369661000142;18459628002088;76;;;0;H;20170424
V;10369661000142;18459628002088;76;;;0;H;20170425
V;10369661000142;18459628002088;76;;;0;H;20170426
V;10369661000142;18459628002088;76;;;0;H;20170427
V;10369661000142;18459628002088;77;;;0;H;20170423
V;10369661000142;18459628002088;77;;;0;H;20170424
V;10369661000142;18459628002088;77;;;0;H;20170425
V;10369661000142;18459628002088;77;;;0;H;20170426
V;10369661000142;18459628002088;77;;;0;H;20170427
V;10369661000142;18459628002088;78;;;263;H;20170423
V;10369661000142;18459628002088;78;;;263;H;20170424
V;10369661000142;18459628002088;78;;;263;H;20170425
V;10369661000142;18459628002088;78;;;263;H;20170426
V;10369661000142;18459628002088;78;;;263;H;20170427
V;10369661000142;18459628002088;78;;;0;H;20170423
V;10369661000142;18459628002088;78;;;0;H;20170424
V;10369661000142;18459628002088;78;;;0;H;20170425
V;10369661000142;18459628002088;78;;;0;H;20170426
V;10369661000142;18459628002088;78;;;0;H;20170427
V;10369661000142;18459628002088;79;;;0;H;20170423
V;10369661000142;18459628002088;79;;;0;H;20170424
V;10369661000142;18459628002088;79;;;0;H;20170425
V;10369661000142;18459628002088;79;;;0;H;20170426
V;10369661000142;18459628002088;79;;;0;H;20170427
V;10369661000142;18459628002088;79;;;280;H;20170423
V;10369661000142;18459628002088;79;;;280;H;20170424
V;10369661000142;18459628002088;79;;;280;H;20170425
V;10369661000142;18459628002088;79;;;280;H;20170426
V;10369661000142;18459628002088;79;;;280;H;20170427
V;10369661000142;18459628002088;80;;;0;H;20170423
V;10369661000142;18459628002088;80;;;0;H;20170424
V;10369661000142;18459628002088;80;;;0;H;20170425
V;10369661000142;18459628002088;80;;;0;H;20170426
V;10369661000142;18459628002088;80;;;0;H;20170427
V;10369661000142;64858525000226;81;;;0;H;20170423
V;10369661000142;64858525000226;81;;;0;H;20170424
V;10369661000142;64858525000226;81;;;0;H;20170425
V;10369661000142;64858525000226;81;;;0;H;20170426
V;10369661000142;64858525000226;81;;;0;H;20170427
V;10369661000142;64858525000226;81;;;1519;H;20170423
V;10369661000142;64858525000226;81;;;1519;H;20170424
V;10369661000142;64858525000226;81;;;1519;H;20170425
V;10369661000142;64858525000226;81;;;1519;H;20170426
V;10369661000142;64858525000226;81;;;1519;H;20170427
V;10369661000142;64858525000226;82;;;0;H;20170423
V;10369661000142;64858525000226;82;;;0;H;20170424
V;10369661000142;64858525000226;82;;;0;H;20170425
V;10369661000142;64858525000226;82;;;0;H;20170426
V;10369661000142;64858525000226;82;;;0;H;20170427
V;10369661000142;64858525000226;82;;;18;H;20170423
V;10369661000142;64858525000226;82;;;18;H;20170424
V;10369661000142;64858525000226;82;;;18;H;20170425
V;10369661000142;64858525000226;82;;;18;H;20170426
V;10369661000142;64858525000226;82;;;18;H;20170427
V;10369661000142;64858525000226;83;;;25;H;20170423
V;10369661000142;64858525000226;83;;;25;H;20170424
V;10369661000142;64858525000226;83;;;25;H;20170425
V;10369661000142;64858525000226;83;;;25;H;20170426
V;10369661000142;64858525000226;83;;;25;H;20170427
V;10369661000142;64858525000226;83;;;0;H;20170423
V;10369661000142;64858525000226;83;;;0;H;20170424
V;10369661000142;64858525000226;83;;;0;H;20170425
V;10369661000142;64858525000226;83;;;0;H;20170426
V;10369661000142;64858525000226;83;;;0;H;20170427
V;10369661000142;64858525000226;84;;;0;H;20170423
V;10369661000142;64858525000226;84;;;0;H;20170424
V;10369661000142;64858525000226;84;;;0;H;20170425
V;10369661000142;64858525000226;84;;;0;H;20170426
V;10369661000142;64858525000226;84;;;0;H;20170427
V;10369661000142;64858525000226;85;;;0;H;20170423
V;10369661000142;64858525000226;85;;;0;H;20170424
V;10369661000142;64858525000226;85;;;0;H;20170425
V;10369661000142;64858525000226;85;;;0;H;20170426
V;10369661000142;64858525000226;85;;;0;H;20170427
V;10369661000142;64858525000226;86;;;0;H;20170423
V;10369661000142;64858525000226;86;;;0;H;20170424
V;10369661000142;64858525000226;86;;;0;H;20170425
V;10369661000142;64858525000226;86;;;0;H;20170426
V;10369661000142;64858525000226;86;;;0;H;20170427
V;10369661000142;07467822000126;87;;;0;H;20170423
V;10369661000142;07467822000126;87;;;0;H;20170424
V;10369661000142;07467822000126;87;;;0;H;20170425
V;10369661000142;07467822000126;87;;;0;H;20170426
V;10369661000142;07467822000126;87;;;0;H;20170427
V;10369661000142;07467822000126;87;;;4868;H;20170423
V;10369661000142;07467822000126;87;;;4868;H;20170424
V;10369661000142;07467822000126;87;;;4868;H;20170425
V;10369661000142;07467822000126;87;;;4868;H;20170426
V;10369661000142;07467822000126;87;;;4868;H;20170427
V;10369661000142;07467822000126;88;;;176;H;20170423
V;10369661000142;07467822000126;88;;;176;H;20170424
V;10369661000142;07467822000126;88;;;176;H;20170425
V;10369661000142;07467822000126;88;;;176;H;20170426
V;10369661000142;07467822000126;88;;;176;H;20170427
V;10369661000142;07467822000126;88;;;0;H;20170423
V;10369661000142;07467822000126;88;;;0;H;20170424
V;10369661000142;07467822000126;88;;;0;H;20170425
V;10369661000142;07467822000126;88;;;0;H;20170426
V;10369661000142;07467822000126;88;;;0;H;20170427
V;10369661000142;18459628002088;91;;;0;H;20170423
V;10369661000142;18459628002088;91;;;0;H;20170424
V;10369661000142;18459628002088;91;;;0;H;20170425
V;10369661000142;18459628002088;91;;;0;H;20170426
V;10369661000142;18459628002088;91;;;0;H;20170427
V;10369661000142;18459628002088;91;;;207;H;20170423
V;10369661000142;18459628002088;91;;;207;H;20170424
V;10369661000142;18459628002088;91;;;207;H;20170425
V;10369661000142;18459628002088;91;;;207;H;20170426
V;10369661000142;18459628002088;91;;;207;H;20170427
V;10369661000142;60744463001080;92;;;122;H;20170423
V;10369661000142;60744463001080;92;;;122;H;20170424
V;10369661000142;60744463001080;92;;;122;H;20170425
V;10369661000142;60744463001080;92;;;122;H;20170426
V;10369661000142;60744463001080;92;;;122;H;20170427
V;10369661000142;60744463001080;92;;;0;H;20170423
V;10369661000142;60744463001080;92;;;0;H;20170424
V;10369661000142;60744463001080;92;;;0;H;20170425
V;10369661000142;60744463001080;92;;;0;H;20170426
V;10369661000142;60744463001080;92;;;0;H;20170427
V;10369661000142;07467822000126;93;;;2790;H;20170423
V;10369661000142;07467822000126;93;;;2790;H;20170424
V;10369661000142;07467822000126;93;;;2790;H;20170425
V;10369661000142;07467822000126;93;;;2790;H;20170426
V;10369661000142;07467822000126;93;;;2790;H;20170427
V;10369661000142;07467822000126;93;;;0;H;20170423
V;10369661000142;07467822000126;93;;;0;H;20170424
V;10369661000142;07467822000126;93;;;0;H;20170425
V;10369661000142;07467822000126;93;;;0;H;20170426
V;10369661000142;07467822000126;93;;;0;H;20170427
V;10369661000142;07467822000126;94;;;0;H;20170423
V;10369661000142;07467822000126;94;;;0;H;20170424
V;10369661000142;07467822000126;94;;;0;H;20170425
V;10369661000142;07467822000126;94;;;0;H;20170426
V;10369661000142;07467822000126;94;;;0;H;20170427
V;10369661000142;18459628002088;95;;;74;H;20170423
V;10369661000142;18459628002088;95;;;74;H;20170424
V;10369661000142;18459628002088;95;;;74;H;20170425
V;10369661000142;18459628002088;95;;;74;H;20170426
V;10369661000142;18459628002088;95;;;74;H;20170427
V;10369661000142;18459628002088;95;;;0;H;20170423
V;10369661000142;18459628002088;95;;;0;H;20170424
V;10369661000142;18459628002088;95;;;0;H;20170425
V;10369661000142;18459628002088;95;;;0;H;20170426
V;10369661000142;18459628002088;95;;;0;H;20170427
V;10369661000142;67148692000190;96;;;0;H;20170423
V;10369661000142;67148692000190;96;;;0;H;20170424
V;10369661000142;67148692000190;96;;;0;H;20170425
V;10369661000142;67148692000190;96;;;0;H;20170426
V;10369661000142;67148692000190;96;;;0;H;20170427
V;10369661000142;67148692000190;97;;;0;H;20170423
V;10369661000142;67148692000190;97;;;0;H;20170424
V;10369661000142;67148692000190;97;;;0;H;20170425
V;10369661000142;67148692000190;97;;;0;H;20170426
V;10369661000142;67148692000190;97;;;0;H;20170427
V;10369661000142;67148692000190;98;;;8162;H;20170423
V;10369661000142;67148692000190;98;;;8162;H;20170424
V;10369661000142;67148692000190;98;;;8162;H;20170425
V;10369661000142;67148692000190;98;;;8162;H;20170426
V;10369661000142;67148692000190;98;;;8162;H;20170427
V;10369661000142;67148692000190;98;;;0;H;20170423
V;10369661000142;67148692000190;98;;;0;H;20170424
V;10369661000142;67148692000190;98;;;0;H;20170425
V;10369661000142;67148692000190;98;;;0;H;20170426
V;10369661000142;67148692000190;98;;;0;H;20170427
V;10369661000142;67148692000190;99;;;0;H;20170423
V;10369661000142;67148692000190;99;;;0;H;20170424
V;10369661000142;67148692000190;99;;;0;H;20170425
V;10369661000142;67148692000190;99;;;0;H;20170426
V;10369661000142;67148692000190;99;;;0;H;20170427
V;10369661000142;47180625002190;100;;;0;H;20170423
V;10369661000142;47180625002190;100;;;0;H;20170424
V;10369661000142;47180625002190;100;;;0;H;20170425
V;10369661000142;47180625002190;100;;;0;H;20170426
V;10369661000142;47180625002190;100;;;0;H;20170427
V;10369661000142;18459628002088;101;;;4777;H;20170423
V;10369661000142;18459628002088;101;;;4777;H;20170424
V;10369661000142;18459628002088;101;;;4777;H;20170425
V;10369661000142;18459628002088;101;;;4777;H;20170426
V;10369661000142;18459628002088;101;;;4777;H;20170427
V;10369661000142;18459628002088;101;;;0;H;20170423
V;10369661000142;18459628002088;101;;;0;H;20170424
V;10369661000142;18459628002088;101;;;0;H;20170425
V;10369661000142;18459628002088;101;;;0;H;20170426
V;10369661000142;18459628002088;101;;;0;H;20170427
V;10369661000142;47180625002190;102;;;0;H;20170423
V;10369661000142;47180625002190;102;;;0;H;20170424
V;10369661000142;47180625002190;102;;;0;H;20170425
V;10369661000142;47180625002190;102;;;0;H;20170426
V;10369661000142;47180625002190;102;;;0;H;20170427
V;10369661000142;47180625002190;102;;;24;H;20170423
V;10369661000142;47180625002190;102;;;24;H;20170424
V;10369661000142;47180625002190;102;;;24;H;20170425
V;10369661000142;47180625002190;102;;;24;H;20170426
V;10369661000142;47180625002190;102;;;24;H;20170427
V;10369661000142;47180625002190;103;;;0;H;20170423
V;10369661000142;47180625002190;103;;;0;H;20170424
V;10369661000142;47180625002190;103;;;0;H;20170425
V;10369661000142;47180625002190;103;;;0;H;20170426
V;10369661000142;47180625002190;103;;;0;H;20170427
V;10369661000142;47180625002190;104;;;0;H;20170423
V;10369661000142;47180625002190;104;;;0;H;20170424
V;10369661000142;47180625002190;104;;;0;H;20170425
V;10369661000142;47180625002190;104;;;0;H;20170426
V;10369661000142;47180625002190;104;;;0;H;20170427
V;10369661000142;47180625002190;104;;;22;H;20170423
V;10369661000142;47180625002190;104;;;22;H;20170424
V;10369661000142;47180625002190;104;;;22;H;20170425
V;10369661000142;47180625002190;104;;;22;H;20170426
V;10369661000142;47180625002190;104;;;22;H;20170427
V;10369661000142;42462952000177;105;;;3;H;20170423
V;10369661000142;42462952000177;105;;;3;H;20170424
V;10369661000142;42462952000177;105;;;3;H;20170425
V;10369661000142;42462952000177;105;;;3;H;20170426
V;10369661000142;42462952000177;105;;;3;H;20170427
V;10369661000142;42462952000177;105;;;0;H;20170423
V;10369661000142;42462952000177;105;;;0;H;20170424
V;10369661000142;42462952000177;105;;;0;H;20170425
V;10369661000142;42462952000177;105;;;0;H;20170426
V;10369661000142;42462952000177;105;;;0;H;20170427
V;10369661000142;47180625002190;106;;;0;H;20170423
V;10369661000142;47180625002190;106;;;0;H;20170424
V;10369661000142;47180625002190;106;;;0;H;20170425
V;10369661000142;47180625002190;106;;;0;H;20170426
V;10369661000142;47180625002190;106;;;0;H;20170427
V;10369661000142;47180625002190;106;;;2;H;20170423
V;10369661000142;47180625002190;106;;;2;H;20170424
V;10369661000142;47180625002190;106;;;2;H;20170425
V;10369661000142;47180625002190;106;;;2;H;20170426
V;10369661000142;47180625002190;106;;;2;H;20170427
V;10369661000142;47180625002190;107;;;0;H;20170423
V;10369661000142;47180625002190;107;;;0;H;20170424
V;10369661000142;47180625002190;107;;;0;H;20170425
V;10369661000142;47180625002190;107;;;0;H;20170426
V;10369661000142;47180625002190;107;;;0;H;20170427
V;10369661000142;47180625002190;108;;;11;H;20170423
V;10369661000142;47180625002190;108;;;11;H;20170424
V;10369661000142;47180625002190;108;;;11;H;20170425
V;10369661000142;47180625002190;108;;;11;H;20170426
V;10369661000142;47180625002190;108;;;11;H;20170427
V;10369661000142;47180625002190;108;;;0;H;20170423
V;10369661000142;47180625002190;108;;;0;H;20170424
V;10369661000142;47180625002190;108;;;0;H;20170425
V;10369661000142;47180625002190;108;;;0;H;20170426
V;10369661000142;47180625002190;108;;;0;H;20170427
V;10369661000142;08789294000194;109;;;0;H;20170423
V;10369661000142;08789294000194;109;;;0;H;20170424
V;10369661000142;08789294000194;109;;;0;H;20170425
V;10369661000142;08789294000194;109;;;0;H;20170426
V;10369661000142;08789294000194;109;;;0;H;20170427
V;10369661000142;47180625002190;110;;;0;H;20170423
V;10369661000142;47180625002190;110;;;0;H;20170424
V;10369661000142;47180625002190;110;;;0;H;20170425
V;10369661000142;47180625002190;110;;;0;H;20170426
V;10369661000142;47180625002190;110;;;0;H;20170427
V;10369661000142;47180625002190;110;;;39;H;20170423
V;10369661000142;47180625002190;110;;;39;H;20170424
V;10369661000142;47180625002190;110;;;39;H;20170425
V;10369661000142;47180625002190;110;;;39;H;20170426
V;10369661000142;47180625002190;110;;;39;H;20170427
V;10369661000142;47180625002190;111;;;0;H;20170423
V;10369661000142;47180625002190;111;;;0;H;20170424
V;10369661000142;47180625002190;111;;;0;H;20170425
V;10369661000142;47180625002190;111;;;0;H;20170426
V;10369661000142;47180625002190;111;;;0;H;20170427
V;10369661000142;47180625002190;111;;;1;H;20170423
V;10369661000142;47180625002190;111;;;1;H;20170424
V;10369661000142;47180625002190;111;;;1;H;20170425
V;10369661000142;47180625002190;111;;;1;H;20170426
V;10369661000142;47180625002190;111;;;1;H;20170427
V;10369661000142;47180625002190;112;;;751;H;20170423
V;10369661000142;47180625002190;112;;;751;H;20170424
V;10369661000142;47180625002190;112;;;751;H;20170425
V;10369661000142;47180625002190;112;;;751;H;20170426
V;10369661000142;47180625002190;112;;;751;H;20170427
V;10369661000142;47180625002190;112;;;0;H;20170423
V;10369661000142;47180625002190;112;;;0;H;20170424
V;10369661000142;47180625002190;112;;;0;H;20170425
V;10369661000142;47180625002190;112;;;0;H;20170426
V;10369661000142;47180625002190;112;;;0;H;20170427
V;10369661000142;60744463001080;113;;;0;H;20170423
V;10369661000142;60744463001080;113;;;0;H;20170424
V;10369661000142;60744463001080;113;;;0;H;20170425
V;10369661000142;60744463001080;113;;;0;H;20170426
V;10369661000142;60744463001080;113;;;0;H;20170427
V;10369661000142;60744463001080;113;;;774;H;20170423
V;10369661000142;60744463001080;113;;;774;H;20170424
V;10369661000142;60744463001080;113;;;774;H;20170425
V;10369661000142;60744463001080;113;;;774;H;20170426
V;10369661000142;60744463001080;113;;;774;H;20170427
V;10369661000142;60744463001080;114;;;0;H;20170423
V;10369661000142;60744463001080;114;;;0;H;20170424
V;10369661000142;60744463001080;114;;;0;H;20170425
V;10369661000142;60744463001080;114;;;0;H;20170426
V;10369661000142;60744463001080;114;;;0;H;20170427
V;10369661000142;07467822000126;115;;;0;H;20170423
V;10369661000142;07467822000126;115;;;0;H;20170424
V;10369661000142;07467822000126;115;;;0;H;20170425
V;10369661000142;07467822000126;115;;;0;H;20170426
V;10369661000142;07467822000126;115;;;0;H;20170427
V;10369661000142;47180625002190;116;;;0;H;20170423
V;10369661000142;47180625002190;116;;;0;H;20170424
V;10369661000142;47180625002190;116;;;0;H;20170425
V;10369661000142;47180625002190;116;;;0;H;20170426
V;10369661000142;47180625002190;116;;;0;H;20170427
V;10369661000142;47180625002190;116;;;4;H;20170423
V;10369661000142;47180625002190;116;;;4;H;20170424
V;10369661000142;47180625002190;116;;;4;H;20170425
V;10369661000142;47180625002190;116;;;4;H;20170426
V;10369661000142;47180625002190;116;;;4;H;20170427
V;10369661000142;07467822000126;117;;;45;H;20170423
V;10369661000142;07467822000126;117;;;45;H;20170424
V;10369661000142;07467822000126;117;;;45;H;20170425
V;10369661000142;07467822000126;117;;;45;H;20170426
V;10369661000142;07467822000126;117;;;45;H;20170427
V;10369661000142;07467822000126;117;;;0;H;20170423
V;10369661000142;07467822000126;117;;;0;H;20170424
V;10369661000142;07467822000126;117;;;0;H;20170425
V;10369661000142;07467822000126;117;;;0;H;20170426
V;10369661000142;07467822000126;117;;;0;H;20170427
V;10369661000142;47180625002190;118;;;0;H;20170423
V;10369661000142;47180625002190;118;;;0;H;20170424
V;10369661000142;47180625002190;118;;;0;H;20170425
V;10369661000142;47180625002190;118;;;0;H;20170426
V;10369661000142;47180625002190;118;;;0;H;20170427
V;10369661000142;47180625002190;118;;;50;H;20170423
V;10369661000142;47180625002190;118;;;50;H;20170424
V;10369661000142;47180625002190;118;;;50;H;20170425
V;10369661000142;47180625002190;118;;;50;H;20170426
V;10369661000142;47180625002190;118;;;50;H;20170427
V;10369661000142;47180625002190;119;;;0;H;20170423
V;10369661000142;47180625002190;119;;;0;H;20170424
V;10369661000142;47180625002190;119;;;0;H;20170425
V;10369661000142;47180625002190;119;;;0;H;20170426
V;10369661000142;47180625002190;119;;;0;H;20170427
V;10369661000142;47180625002190;120;;;0;H;20170423
V;10369661000142;47180625002190;120;;;0;H;20170424
V;10369661000142;47180625002190;120;;;0;H;20170425
V;10369661000142;47180625002190;120;;;0;H;20170426
V;10369661000142;47180625002190;120;;;0;H;20170427
V;10369661000142;47180625002190;120;;;5;H;20170423
V;10369661000142;47180625002190;120;;;5;H;20170424
V;10369661000142;47180625002190;120;;;5;H;20170425
V;10369661000142;47180625002190;120;;;5;H;20170426
V;10369661000142;47180625002190;120;;;5;H;20170427
V;10369661000142;47180625002190;121;;;0;H;20170423
V;10369661000142;47180625002190;121;;;0;H;20170424
V;10369661000142;47180625002190;121;;;0;H;20170425
V;10369661000142;47180625002190;121;;;0;H;20170426
V;10369661000142;47180625002190;121;;;0;H;20170427
V;10369661000142;47180625002190;122;;;11;H;20170423
V;10369661000142;47180625002190;122;;;11;H;20170424
V;10369661000142;47180625002190;122;;;11;H;20170425
V;10369661000142;47180625002190;122;;;11;H;20170426
V;10369661000142;47180625002190;122;;;11;H;20170427
V;10369661000142;47180625002190;122;;;0;H;20170423
V;10369661000142;47180625002190;122;;;0;H;20170424
V;10369661000142;47180625002190;122;;;0;H;20170425
V;10369661000142;47180625002190;122;;;0;H;20170426
V;10369661000142;47180625002190;122;;;0;H;20170427
V;10369661000142;47180625002190;123;;;1;H;20170423
V;10369661000142;47180625002190;123;;;1;H;20170424
V;10369661000142;47180625002190;123;;;1;H;20170425
V;10369661000142;47180625002190;123;;;1;H;20170426
V;10369661000142;47180625002190;123;;;1;H;20170427
V;10369661000142;47180625002190;123;;;0;H;20170423
V;10369661000142;47180625002190;123;;;0;H;20170424
V;10369661000142;47180625002190;123;;;0;H;20170425
V;10369661000142;47180625002190;123;;;0;H;20170426
V;10369661000142;47180625002190;123;;;0;H;20170427
V;10369661000142;47180625002190;124;;;0;H;20170423
V;10369661000142;47180625002190;124;;;0;H;20170424
V;10369661000142;47180625002190;124;;;0;H;20170425
V;10369661000142;47180625002190;124;;;0;H;20170426
V;10369661000142;47180625002190;124;;;0;H;20170427
V;10369661000142;47180625002190;125;;;0;H;20170423
V;10369661000142;47180625002190;125;;;0;H;20170424
V;10369661000142;47180625002190;125;;;0;H;20170425
V;10369661000142;47180625002190;125;;;0;H;20170426
V;10369661000142;47180625002190;125;;;0;H;20170427
V;10369661000142;47180625002190;126;;;0;H;20170423
V;10369661000142;47180625002190;126;;;0;H;20170424
V;10369661000142;47180625002190;126;;;0;H;20170425
V;10369661000142;47180625002190;126;;;0;H;20170426
V;10369661000142;47180625002190;126;;;0;H;20170427
V;10369661000142;47180625002190;127;;;0;H;20170423
V;10369661000142;47180625002190;127;;;0;H;20170424
V;10369661000142;47180625002190;127;;;0;H;20170425
V;10369661000142;47180625002190;127;;;0;H;20170426
V;10369661000142;47180625002190;127;;;0;H;20170427
V;10369661000142;47180625002190;128;;;0;H;20170423
V;10369661000142;47180625002190;128;;;0;H;20170424
V;10369661000142;47180625002190;128;;;0;H;20170425
V;10369661000142;47180625002190;128;;;0;H;20170426
V;10369661000142;47180625002190;128;;;0;H;20170427
V;10369661000142;47180625002190;129;;;0;H;20170423
V;10369661000142;47180625002190;129;;;0;H;20170424
V;10369661000142;47180625002190;129;;;0;H;20170425
V;10369661000142;47180625002190;129;;;0;H;20170426
V;10369661000142;47180625002190;129;;;0;H;20170427
V;10369661000142;47180625002190;129;;;6;H;20170423
V;10369661000142;47180625002190;129;;;6;H;20170424
V;10369661000142;47180625002190;129;;;6;H;20170425
V;10369661000142;47180625002190;129;;;6;H;20170426
V;10369661000142;47180625002190;129;;;6;H;20170427
V;10369661000142;47180625002190;130;;;10;H;20170423
V;10369661000142;47180625002190;130;;;10;H;20170424
V;10369661000142;47180625002190;130;;;10;H;20170425
V;10369661000142;47180625002190;130;;;10;H;20170426
V;10369661000142;47180625002190;130;;;10;H;20170427
V;10369661000142;47180625002190;130;;;0;H;20170423
V;10369661000142;47180625002190;130;;;0;H;20170424
V;10369661000142;47180625002190;130;;;0;H;20170425
V;10369661000142;47180625002190;130;;;0;H;20170426
V;10369661000142;47180625002190;130;;;0;H;20170427
V;10369661000142;47180625002190;131;;;0;H;20170423
V;10369661000142;47180625002190;131;;;0;H;20170424
V;10369661000142;47180625002190;131;;;0;H;20170425
V;10369661000142;47180625002190;131;;;0;H;20170426
V;10369661000142;47180625002190;131;;;0;H;20170427
V;10369661000142;47180625002190;131;;;112;H;20170423
V;10369661000142;47180625002190;131;;;112;H;20170424
V;10369661000142;47180625002190;131;;;112;H;20170425
V;10369661000142;47180625002190;131;;;112;H;20170426
V;10369661000142;47180625002190;131;;;112;H;20170427
V;10369661000142;47180625002190;132;;;0;H;20170423
V;10369661000142;47180625002190;132;;;0;H;20170424
V;10369661000142;47180625002190;132;;;0;H;20170425
V;10369661000142;47180625002190;132;;;0;H;20170426
V;10369661000142;47180625002190;132;;;0;H;20170427
V;10369661000142;03237990000174;145;;;33;H;20170423
V;10369661000142;03237990000174;145;;;33;H;20170424
V;10369661000142;03237990000174;145;;;33;H;20170425
V;10369661000142;03237990000174;145;;;33;H;20170426
V;10369661000142;03237990000174;145;;;33;H;20170427
V;10369661000142;03237990000174;145;;;0;H;20170423
V;10369661000142;03237990000174;145;;;0;H;20170424
V;10369661000142;03237990000174;145;;;0;H;20170425
V;10369661000142;03237990000174;145;;;0;H;20170426
V;10369661000142;03237990000174;145;;;0;H;20170427
V;10369661000142;03237990000174;146;;;0;H;20170423
V;10369661000142;03237990000174;146;;;0;H;20170424
V;10369661000142;03237990000174;146;;;0;H;20170425
V;10369661000142;03237990000174;146;;;0;H;20170426
V;10369661000142;03237990000174;146;;;0;H;20170427
V;10369661000142;03237990000174;171;;;0;H;20170423
V;10369661000142;03237990000174;171;;;0;H;20170424
V;10369661000142;03237990000174;171;;;0;H;20170425
V;10369661000142;03237990000174;171;;;0;H;20170426
V;10369661000142;03237990000174;171;;;0;H;20170427
V;10369661000142;07467822000126;172;;;7;H;20170423
V;10369661000142;07467822000126;172;;;7;H;20170424
V;10369661000142;07467822000126;172;;;7;H;20170425
V;10369661000142;07467822000126;172;;;7;H;20170426
V;10369661000142;07467822000126;172;;;7;H;20170427
V;10369661000142;07467822000126;172;;;0;H;20170423
V;10369661000142;07467822000126;172;;;0;H;20170424
V;10369661000142;07467822000126;172;;;0;H;20170425
V;10369661000142;07467822000126;172;;;0;H;20170426
V;10369661000142;07467822000126;172;;;0;H;20170427
V;10369661000142;07467822000126;173;;;0;H;20170423
V;10369661000142;07467822000126;173;;;0;H;20170424
V;10369661000142;07467822000126;173;;;0;H;20170425
V;10369661000142;07467822000126;173;;;0;H;20170426
V;10369661000142;07467822000126;173;;;0;H;20170427
V;10369661000142;07467822000126;174;;;0;H;20170423
V;10369661000142;07467822000126;174;;;0;H;20170424
V;10369661000142;07467822000126;174;;;0;H;20170425
V;10369661000142;07467822000126;174;;;0;H;20170426
V;10369661000142;07467822000126;174;;;0;H;20170427
V;10369661000142;07467822000126;174;;;197;H;20170423
V;10369661000142;07467822000126;174;;;197;H;20170424
V;10369661000142;07467822000126;174;;;197;H;20170425
V;10369661000142;07467822000126;174;;;197;H;20170426
V;10369661000142;07467822000126;174;;;197;H;20170427
V;10369661000142;07467822000126;175;;;125;H;20170423
V;10369661000142;07467822000126;175;;;125;H;20170424
V;10369661000142;07467822000126;175;;;125;H;20170425
V;10369661000142;07467822000126;175;;;125;H;20170426
V;10369661000142;07467822000126;175;;;125;H;20170427
V;10369661000142;07467822000126;175;;;0;H;20170423
V;10369661000142;07467822000126;175;;;0;H;20170424
V;10369661000142;07467822000126;175;;;0;H;20170425
V;10369661000142;07467822000126;175;;;0;H;20170426
V;10369661000142;07467822000126;175;;;0;H;20170427
V;10369661000142;07467822000126;176;;;0;H;20170423
V;10369661000142;07467822000126;176;;;0;H;20170424
V;10369661000142;07467822000126;176;;;0;H;20170425
V;10369661000142;07467822000126;176;;;0;H;20170426
V;10369661000142;07467822000126;176;;;0;H;20170427
V;10369661000142;07467822000126;177;;;0;H;20170423
V;10369661000142;07467822000126;177;;;0;H;20170424
V;10369661000142;07467822000126;177;;;0;H;20170425
V;10369661000142;07467822000126;177;;;0;H;20170426
V;10369661000142;07467822000126;177;;;0;H;20170427
V;10369661000142;07467822000126;178;;;0;H;20170423
V;10369661000142;07467822000126;178;;;0;H;20170424
V;10369661000142;07467822000126;178;;;0;H;20170425
V;10369661000142;07467822000126;178;;;0;H;20170426
V;10369661000142;07467822000126;178;;;0;H;20170427
V;10369661000142;07467822000126;179;;;0;H;20170423
V;10369661000142;07467822000126;179;;;0;H;20170424
V;10369661000142;07467822000126;179;;;0;H;20170425
V;10369661000142;07467822000126;179;;;0;H;20170426
V;10369661000142;07467822000126;179;;;0;H;20170427
V;10369661000142;07467822000126;180;;;137;H;20170423
V;10369661000142;07467822000126;180;;;137;H;20170424
V;10369661000142;07467822000126;180;;;137;H;20170425
V;10369661000142;07467822000126;180;;;137;H;20170426
V;10369661000142;07467822000126;180;;;137;H;20170427
V;10369661000142;07467822000126;180;;;0;H;20170423
V;10369661000142;07467822000126;180;;;0;H;20170424
V;10369661000142;07467822000126;180;;;0;H;20170425
V;10369661000142;07467822000126;180;;;0;H;20170426
V;10369661000142;07467822000126;180;;;0;H;20170427
V;10369661000142;07467822000126;181;;;20;H;20170423
V;10369661000142;07467822000126;181;;;20;H;20170424
V;10369661000142;07467822000126;181;;;20;H;20170425
V;10369661000142;07467822000126;181;;;20;H;20170426
V;10369661000142;07467822000126;181;;;20;H;20170427
V;10369661000142;07467822000126;181;;;0;H;20170423
V;10369661000142;07467822000126;181;;;0;H;20170424
V;10369661000142;07467822000126;181;;;0;H;20170425
V;10369661000142;07467822000126;181;;;0;H;20170426
V;10369661000142;07467822000126;181;;;0;H;20170427
V;10369661000142;07467822000126;182;;;0;H;20170423
V;10369661000142;07467822000126;182;;;0;H;20170424
V;10369661000142;07467822000126;182;;;0;H;20170425
V;10369661000142;07467822000126;182;;;0;H;20170426
V;10369661000142;07467822000126;182;;;0;H;20170427
V;10369661000142;07467822000126;182;;;2;H;20170423
V;10369661000142;07467822000126;182;;;2;H;20170424
V;10369661000142;07467822000126;182;;;2;H;20170425
V;10369661000142;07467822000126;182;;;2;H;20170426
V;10369661000142;07467822000126;182;;;2;H;20170427
V;10369661000142;07467822000126;183;;;0;H;20170423
V;10369661000142;07467822000126;183;;;0;H;20170424
V;10369661000142;07467822000126;183;;;0;H;20170425
V;10369661000142;07467822000126;183;;;0;H;20170426
V;10369661000142;07467822000126;183;;;0;H;20170427
V;10369661000142;07467822000126;183;;;96;H;20170423
V;10369661000142;07467822000126;183;;;96;H;20170424
V;10369661000142;07467822000126;183;;;96;H;20170425
V;10369661000142;07467822000126;183;;;96;H;20170426
V;10369661000142;07467822000126;183;;;96;H;20170427
V;10369661000142;07467822000126;184;;;0;H;20170423
V;10369661000142;07467822000126;184;;;0;H;20170424
V;10369661000142;07467822000126;184;;;0;H;20170425
V;10369661000142;07467822000126;184;;;0;H;20170426
V;10369661000142;07467822000126;184;;;0;H;20170427
V;10369661000142;07467822000126;185;;;0;H;20170423
V;10369661000142;07467822000126;185;;;0;H;20170424
V;10369661000142;07467822000126;185;;;0;H;20170425
V;10369661000142;07467822000126;185;;;0;H;20170426
V;10369661000142;07467822000126;185;;;0;H;20170427
V;10369661000142;07467822000126;186;;;0;H;20170423
V;10369661000142;07467822000126;186;;;0;H;20170424
V;10369661000142;07467822000126;186;;;0;H;20170425
V;10369661000142;07467822000126;186;;;0;H;20170426
V;10369661000142;07467822000126;186;;;0;H;20170427
V;10369661000142;07467822000126;188;;;0;H;20170423
V;10369661000142;07467822000126;188;;;0;H;20170424
V;10369661000142;07467822000126;188;;;0;H;20170425
V;10369661000142;07467822000126;188;;;0;H;20170426
V;10369661000142;07467822000126;188;;;0;H;20170427
V;10369661000142;07467822000126;189;;;0;H;20170423
V;10369661000142;07467822000126;189;;;0;H;20170424
V;10369661000142;07467822000126;189;;;0;H;20170425
V;10369661000142;07467822000126;189;;;0;H;20170426
V;10369661000142;07467822000126;189;;;0;H;20170427
V;10369661000142;07467822000126;189;;;361;H;20170423
V;10369661000142;07467822000126;189;;;361;H;20170424
V;10369661000142;07467822000126;189;;;361;H;20170425
V;10369661000142;07467822000126;189;;;361;H;20170426
V;10369661000142;07467822000126;189;;;361;H;20170427
V;10369661000142;07467822000126;190;;;0;H;20170423
V;10369661000142;07467822000126;190;;;0;H;20170424
V;10369661000142;07467822000126;190;;;0;H;20170425
V;10369661000142;07467822000126;190;;;0;H;20170426
V;10369661000142;07467822000126;190;;;0;H;20170427
V;10369661000142;07467822000126;190;;;18;H;20170423
V;10369661000142;07467822000126;190;;;18;H;20170424
V;10369661000142;07467822000126;190;;;18;H;20170425
V;10369661000142;07467822000126;190;;;18;H;20170426
V;10369661000142;07467822000126;190;;;18;H;20170427
V;10369661000142;07467822000126;191;;;0;H;20170423
V;10369661000142;07467822000126;191;;;0;H;20170424
V;10369661000142;07467822000126;191;;;0;H;20170425
V;10369661000142;07467822000126;191;;;0;H;20170426
V;10369661000142;07467822000126;191;;;0;H;20170427
V;10369661000142;07467822000126;192;;;0;H;20170423
V;10369661000142;07467822000126;192;;;0;H;20170424
V;10369661000142;07467822000126;192;;;0;H;20170425
V;10369661000142;07467822000126;192;;;0;H;20170426
V;10369661000142;07467822000126;192;;;0;H;20170427
V;10369661000142;07467822000126;193;;;0;H;20170423
V;10369661000142;07467822000126;193;;;0;H;20170424
V;10369661000142;07467822000126;193;;;0;H;20170425
V;10369661000142;07467822000126;193;;;0;H;20170426
V;10369661000142;07467822000126;193;;;0;H;20170427
V;10369661000142;07467822000126;194;;;6;H;20170423
V;10369661000142;07467822000126;194;;;6;H;20170424
V;10369661000142;07467822000126;194;;;6;H;20170425
V;10369661000142;07467822000126;194;;;6;H;20170426
V;10369661000142;07467822000126;194;;;6;H;20170427
V;10369661000142;07467822000126;194;;;2;H;20170423
V;10369661000142;07467822000126;194;;;2;H;20170424
V;10369661000142;07467822000126;194;;;2;H;20170425
V;10369661000142;07467822000126;194;;;2;H;20170426
V;10369661000142;07467822000126;194;;;2;H;20170427
V;10369661000142;07467822000126;195;;;0;H;20170423
V;10369661000142;07467822000126;195;;;0;H;20170424
V;10369661000142;07467822000126;195;;;0;H;20170425
V;10369661000142;07467822000126;195;;;0;H;20170426
V;10369661000142;07467822000126;195;;;0;H;20170427
V;10369661000142;07467822000126;196;;;20;H;20170423
V;10369661000142;07467822000126;196;;;20;H;20170424
V;10369661000142;07467822000126;196;;;20;H;20170425
V;10369661000142;07467822000126;196;;;20;H;20170426
V;10369661000142;07467822000126;196;;;20;H;20170427
V;10369661000142;07467822000126;196;;;0;H;20170423
V;10369661000142;07467822000126;196;;;0;H;20170424
V;10369661000142;07467822000126;196;;;0;H;20170425
V;10369661000142;07467822000126;196;;;0;H;20170426
V;10369661000142;07467822000126;196;;;0;H;20170427
V;10369661000142;07467822000126;197;;;0;H;20170423
V;10369661000142;07467822000126;197;;;0;H;20170424
V;10369661000142;07467822000126;197;;;0;H;20170425
V;10369661000142;07467822000126;197;;;0;H;20170426
V;10369661000142;07467822000126;197;;;0;H;20170427
V;10369661000142;07467822000126;198;;;109;H;20170423
V;10369661000142;07467822000126;198;;;109;H;20170424
V;10369661000142;07467822000126;198;;;109;H;20170425
V;10369661000142;07467822000126;198;;;109;H;20170426
V;10369661000142;07467822000126;198;;;109;H;20170427
V;10369661000142;07467822000126;198;;;0;H;20170423
V;10369661000142;07467822000126;198;;;0;H;20170424
V;10369661000142;07467822000126;198;;;0;H;20170425
V;10369661000142;07467822000126;198;;;0;H;20170426
V;10369661000142;07467822000126;198;;;0;H;20170427
V;10369661000142;07467822000126;199;;;0;H;20170423
V;10369661000142;07467822000126;199;;;0;H;20170424
V;10369661000142;07467822000126;199;;;0;H;20170425
V;10369661000142;07467822000126;199;;;0;H;20170426
V;10369661000142;07467822000126;199;;;0;H;20170427
V;10369661000142;07467822000126;199;;;8;H;20170423
V;10369661000142;07467822000126;199;;;8;H;20170424
V;10369661000142;07467822000126;199;;;8;H;20170425
V;10369661000142;07467822000126;199;;;8;H;20170426
V;10369661000142;07467822000126;199;;;8;H;20170427
V;10369661000142;60744463001080;200;;;0;H;20170423
V;10369661000142;60744463001080;200;;;0;H;20170424
V;10369661000142;60744463001080;200;;;0;H;20170425
V;10369661000142;60744463001080;200;;;0;H;20170426
V;10369661000142;60744463001080;200;;;0;H;20170427
V;10369661000142;60744463001080;201;;;0;H;20170423
V;10369661000142;60744463001080;201;;;0;H;20170424
V;10369661000142;60744463001080;201;;;0;H;20170425
V;10369661000142;60744463001080;201;;;0;H;20170426
V;10369661000142;60744463001080;201;;;0;H;20170427
V;10369661000142;60744463001080;202;;;0;H;20170423
V;10369661000142;60744463001080;202;;;0;H;20170424
V;10369661000142;60744463001080;202;;;0;H;20170425
V;10369661000142;60744463001080;202;;;0;H;20170426
V;10369661000142;60744463001080;202;;;0;H;20170427
V;10369661000142;60744463001080;202;;;442;H;20170423
V;10369661000142;60744463001080;202;;;442;H;20170424
V;10369661000142;60744463001080;202;;;442;H;20170425
V;10369661000142;60744463001080;202;;;442;H;20170426
V;10369661000142;60744463001080;202;;;442;H;20170427
V;10369661000142;60744463001080;203;;;0;H;20170423
V;10369661000142;60744463001080;203;;;0;H;20170424
V;10369661000142;60744463001080;203;;;0;H;20170425
V;10369661000142;60744463001080;203;;;0;H;20170426
V;10369661000142;60744463001080;203;;;0;H;20170427
V;10369661000142;60744463001080;204;;;0;H;20170423
V;10369661000142;60744463001080;204;;;0;H;20170424
V;10369661000142;60744463001080;204;;;0;H;20170425
V;10369661000142;60744463001080;204;;;0;H;20170426
V;10369661000142;60744463001080;204;;;0;H;20170427
V;10369661000142;60744463001080;204;;;180;H;20170423
V;10369661000142;60744463001080;204;;;180;H;20170424
V;10369661000142;60744463001080;204;;;180;H;20170425
V;10369661000142;60744463001080;204;;;180;H;20170426
V;10369661000142;60744463001080;204;;;180;H;20170427
V;10369661000142;60744463001080;205;;;356;H;20170423
V;10369661000142;60744463001080;205;;;356;H;20170424
V;10369661000142;60744463001080;205;;;356;H;20170425
V;10369661000142;60744463001080;205;;;356;H;20170426
V;10369661000142;60744463001080;205;;;356;H;20170427
V;10369661000142;60744463001080;205;;;0;H;20170423
V;10369661000142;60744463001080;205;;;0;H;20170424
V;10369661000142;60744463001080;205;;;0;H;20170425
V;10369661000142;60744463001080;205;;;0;H;20170426
V;10369661000142;60744463001080;205;;;0;H;20170427
V;10369661000142;60744463001080;206;;;0;H;20170423
V;10369661000142;60744463001080;206;;;0;H;20170424
V;10369661000142;60744463001080;206;;;0;H;20170425
V;10369661000142;60744463001080;206;;;0;H;20170426
V;10369661000142;60744463001080;206;;;0;H;20170427
V;10369661000142;60744463001080;206;;;68;H;20170423
V;10369661000142;60744463001080;206;;;68;H;20170424
V;10369661000142;60744463001080;206;;;68;H;20170425
V;10369661000142;60744463001080;206;;;68;H;20170426
V;10369661000142;60744463001080;206;;;68;H;20170427
V;10369661000142;60744463001080;207;;;0;H;20170423
V;10369661000142;60744463001080;207;;;0;H;20170424
V;10369661000142;60744463001080;207;;;0;H;20170425
V;10369661000142;60744463001080;207;;;0;H;20170426
V;10369661000142;60744463001080;207;;;0;H;20170427
V;10369661000142;60744463001080;208;;;59;H;20170423
V;10369661000142;60744463001080;208;;;59;H;20170424
V;10369661000142;60744463001080;208;;;59;H;20170425
V;10369661000142;60744463001080;208;;;59;H;20170426
V;10369661000142;60744463001080;208;;;59;H;20170427
V;10369661000142;60744463001080;208;;;0;H;20170423
V;10369661000142;60744463001080;208;;;0;H;20170424
V;10369661000142;60744463001080;208;;;0;H;20170425
V;10369661000142;60744463001080;208;;;0;H;20170426
V;10369661000142;60744463001080;208;;;0;H;20170427
V;10369661000142;60744463001080;209;;;0;H;20170423
V;10369661000142;60744463001080;209;;;0;H;20170424
V;10369661000142;60744463001080;209;;;0;H;20170425
V;10369661000142;60744463001080;209;;;0;H;20170426
V;10369661000142;60744463001080;209;;;0;H;20170427
V;10369661000142;60744463001080;209;;;368;H;20170423
V;10369661000142;60744463001080;209;;;368;H;20170424
V;10369661000142;60744463001080;209;;;368;H;20170425
V;10369661000142;60744463001080;209;;;368;H;20170426
V;10369661000142;60744463001080;209;;;368;H;20170427
V;10369661000142;60744463001080;210;;;0;H;20170423
V;10369661000142;60744463001080;210;;;0;H;20170424
V;10369661000142;60744463001080;210;;;0;H;20170425
V;10369661000142;60744463001080;210;;;0;H;20170426
V;10369661000142;60744463001080;210;;;0;H;20170427
V;10369661000142;60744463001080;211;;;0;H;20170423
V;10369661000142;60744463001080;211;;;0;H;20170424
V;10369661000142;60744463001080;211;;;0;H;20170425
V;10369661000142;60744463001080;211;;;0;H;20170426
V;10369661000142;60744463001080;211;;;0;H;20170427
V;10369661000142;23361306001060;212;;;0;H;20170423
V;10369661000142;23361306001060;212;;;0;H;20170424
V;10369661000142;23361306001060;212;;;0;H;20170425
V;10369661000142;23361306001060;212;;;0;H;20170426
V;10369661000142;23361306001060;212;;;0;H;20170427
V;10369661000142;23361306001060;212;;;452;H;20170423
V;10369661000142;23361306001060;212;;;452;H;20170424
V;10369661000142;23361306001060;212;;;452;H;20170425
V;10369661000142;23361306001060;212;;;452;H;20170426
V;10369661000142;23361306001060;212;;;452;H;20170427
V;10369661000142;23361306001060;213;;;0;H;20170423
V;10369661000142;23361306001060;213;;;0;H;20170424
V;10369661000142;23361306001060;213;;;0;H;20170425
V;10369661000142;23361306001060;213;;;0;H;20170426
V;10369661000142;23361306001060;213;;;0;H;20170427
V;10369661000142;23361306001060;214;;;0;H;20170423
V;10369661000142;23361306001060;214;;;0;H;20170424
V;10369661000142;23361306001060;214;;;0;H;20170425
V;10369661000142;23361306001060;214;;;0;H;20170426
V;10369661000142;23361306001060;214;;;0;H;20170427
V;10369661000142;02290510000176;250;;;0;H;20170423
V;10369661000142;02290510000176;250;;;0;H;20170424
V;10369661000142;02290510000176;250;;;0;H;20170425
V;10369661000142;02290510000176;250;;;0;H;20170426
V;10369661000142;02290510000176;250;;;0;H;20170427
V;10369661000142;02290510000176;251;;;0;H;20170423
V;10369661000142;02290510000176;251;;;0;H;20170424
V;10369661000142;02290510000176;251;;;0;H;20170425
V;10369661000142;02290510000176;251;;;0;H;20170426
V;10369661000142;02290510000176;251;;;0;H;20170427
V;10369661000142;02290510000176;252;;;254;H;20170423
V;10369661000142;02290510000176;252;;;254;H;20170424
V;10369661000142;02290510000176;252;;;254;H;20170425
V;10369661000142;02290510000176;252;;;254;H;20170426
V;10369661000142;02290510000176;252;;;254;H;20170427
V;10369661000142;02290510000176;252;;;0;H;20170423
V;10369661000142;02290510000176;252;;;0;H;20170424
V;10369661000142;02290510000176;252;;;0;H;20170425
V;10369661000142;02290510000176;252;;;0;H;20170426
V;10369661000142;02290510000176;252;;;0;H;20170427
V;10369661000142;02290510000176;253;;;0;H;20170423
V;10369661000142;02290510000176;253;;;0;H;20170424
V;10369661000142;02290510000176;253;;;0;H;20170425
V;10369661000142;02290510000176;253;;;0;H;20170426
V;10369661000142;02290510000176;253;;;0;H;20170427
V;10369661000142;02290510000176;254;;;0;H;20170423
V;10369661000142;02290510000176;254;;;0;H;20170424
V;10369661000142;02290510000176;254;;;0;H;20170425
V;10369661000142;02290510000176;254;;;0;H;20170426
V;10369661000142;02290510000176;254;;;0;H;20170427
V;10369661000142;02290510000176;255;;;0;H;20170423
V;10369661000142;02290510000176;255;;;0;H;20170424
V;10369661000142;02290510000176;255;;;0;H;20170425
V;10369661000142;02290510000176;255;;;0;H;20170426
V;10369661000142;02290510000176;255;;;0;H;20170427
V;10369661000142;02290510000176;255;;;5;H;20170423
V;10369661000142;02290510000176;255;;;5;H;20170424
V;10369661000142;02290510000176;255;;;5;H;20170425
V;10369661000142;02290510000176;255;;;5;H;20170426
V;10369661000142;02290510000176;255;;;5;H;20170427
V;10369661000142;02290510000176;256;;;0;H;20170423
V;10369661000142;02290510000176;256;;;0;H;20170424
V;10369661000142;02290510000176;256;;;0;H;20170425
V;10369661000142;02290510000176;256;;;0;H;20170426
V;10369661000142;02290510000176;256;;;0;H;20170427
V;10369661000142;02290510000176;257;;;32;H;20170423
V;10369661000142;02290510000176;257;;;32;H;20170424
V;10369661000142;02290510000176;257;;;32;H;20170425
V;10369661000142;02290510000176;257;;;32;H;20170426
V;10369661000142;02290510000176;257;;;32;H;20170427
V;10369661000142;02290510000176;257;;;0;H;20170423
V;10369661000142;02290510000176;257;;;0;H;20170424
V;10369661000142;02290510000176;257;;;0;H;20170425
V;10369661000142;02290510000176;257;;;0;H;20170426
V;10369661000142;02290510000176;257;;;0;H;20170427
V;10369661000142;02290510000176;258;;;0;H;20170423
V;10369661000142;02290510000176;258;;;0;H;20170424
V;10369661000142;02290510000176;258;;;0;H;20170425
V;10369661000142;02290510000176;258;;;0;H;20170426
V;10369661000142;02290510000176;258;;;0;H;20170427
V;10369661000142;02290510000176;259;;;0;H;20170423
V;10369661000142;02290510000176;259;;;0;H;20170424
V;10369661000142;02290510000176;259;;;0;H;20170425
V;10369661000142;02290510000176;259;;;0;H;20170426
V;10369661000142;02290510000176;259;;;0;H;20170427
V;10369661000142;02290510000176;259;;;3;H;20170423
V;10369661000142;02290510000176;259;;;3;H;20170424
V;10369661000142;02290510000176;259;;;3;H;20170425
V;10369661000142;02290510000176;259;;;3;H;20170426
V;10369661000142;02290510000176;259;;;3;H;20170427
V;10369661000142;02290510000176;260;;;1392;H;20170423
V;10369661000142;02290510000176;260;;;1392;H;20170424
V;10369661000142;02290510000176;260;;;1392;H;20170425
V;10369661000142;02290510000176;260;;;1392;H;20170426
V;10369661000142;02290510000176;260;;;1392;H;20170427
V;10369661000142;02290510000176;260;;;0;H;20170423
V;10369661000142;02290510000176;260;;;0;H;20170424
V;10369661000142;02290510000176;260;;;0;H;20170425
V;10369661000142;02290510000176;260;;;0;H;20170426
V;10369661000142;02290510000176;260;;;0;H;20170427
V;10369661000142;02290510000176;261;;;0;H;20170423
V;10369661000142;02290510000176;261;;;0;H;20170424
V;10369661000142;02290510000176;261;;;0;H;20170425
V;10369661000142;02290510000176;261;;;0;H;20170426
V;10369661000142;02290510000176;261;;;0;H;20170427
V;10369661000142;61142550000130;262;;;0;H;20170423
V;10369661000142;61142550000130;262;;;0;H;20170424
V;10369661000142;61142550000130;262;;;0;H;20170425
V;10369661000142;61142550000130;262;;;0;H;20170426
V;10369661000142;61142550000130;262;;;0;H;20170427
V;10369661000142;61142550000130;263;;;0;H;20170423
V;10369661000142;61142550000130;263;;;0;H;20170424
V;10369661000142;61142550000130;263;;;0;H;20170425
V;10369661000142;61142550000130;263;;;0;H;20170426
V;10369661000142;61142550000130;263;;;0;H;20170427
V;10369661000142;61142550000130;263;;;167;H;20170423
V;10369661000142;61142550000130;263;;;167;H;20170424
V;10369661000142;61142550000130;263;;;167;H;20170425
V;10369661000142;61142550000130;263;;;167;H;20170426
V;10369661000142;61142550000130;263;;;167;H;20170427
V;10369661000142;61142550000130;264;;;147;H;20170423
V;10369661000142;61142550000130;264;;;147;H;20170424
V;10369661000142;61142550000130;264;;;147;H;20170425
V;10369661000142;61142550000130;264;;;147;H;20170426
V;10369661000142;61142550000130;264;;;147;H;20170427
V;10369661000142;61142550000130;264;;;0;H;20170423
V;10369661000142;61142550000130;264;;;0;H;20170424
V;10369661000142;61142550000130;264;;;0;H;20170425
V;10369661000142;61142550000130;264;;;0;H;20170426
V;10369661000142;61142550000130;264;;;0;H;20170427
V;10369661000142;61142550000130;265;;;0;H;20170423
V;10369661000142;61142550000130;265;;;0;H;20170424
V;10369661000142;61142550000130;265;;;0;H;20170425
V;10369661000142;61142550000130;265;;;0;H;20170426
V;10369661000142;61142550000130;265;;;0;H;20170427
V;10369661000142;61142550000130;266;;;0;H;20170423
V;10369661000142;61142550000130;266;;;0;H;20170424
V;10369661000142;61142550000130;266;;;0;H;20170425
V;10369661000142;61142550000130;266;;;0;H;20170426
V;10369661000142;61142550000130;266;;;0;H;20170427
V;10369661000142;61142550000130;266;;;2270;H;20170423
V;10369661000142;61142550000130;266;;;2270;H;20170424
V;10369661000142;61142550000130;266;;;2270;H;20170425
V;10369661000142;61142550000130;266;;;2270;H;20170426
V;10369661000142;61142550000130;266;;;2270;H;20170427
V;10369661000142;61142550000130;267;;;18;H;20170423
V;10369661000142;61142550000130;267;;;18;H;20170424
V;10369661000142;61142550000130;267;;;18;H;20170425
V;10369661000142;61142550000130;267;;;18;H;20170426
V;10369661000142;61142550000130;267;;;18;H;20170427
V;10369661000142;61142550000130;267;;;0;H;20170423
V;10369661000142;61142550000130;267;;;0;H;20170424
V;10369661000142;61142550000130;267;;;0;H;20170425
V;10369661000142;61142550000130;267;;;0;H;20170426
V;10369661000142;61142550000130;267;;;0;H;20170427
V;10369661000142;58133703000178;268;;;4;H;20170423
V;10369661000142;58133703000178;268;;;4;H;20170424
V;10369661000142;58133703000178;268;;;4;H;20170425
V;10369661000142;58133703000178;268;;;4;H;20170426
V;10369661000142;58133703000178;268;;;4;H;20170427
V;10369661000142;58133703000178;281;;;135;H;20170423
V;10369661000142;58133703000178;281;;;135;H;20170424
V;10369661000142;58133703000178;281;;;135;H;20170425
V;10369661000142;58133703000178;281;;;135;H;20170426
V;10369661000142;58133703000178;281;;;135;H;20170427
V;10369661000142;58133703000178;281;;;0;H;20170423
V;10369661000142;58133703000178;281;;;0;H;20170424
V;10369661000142;58133703000178;281;;;0;H;20170425
V;10369661000142;58133703000178;281;;;0;H;20170426
V;10369661000142;58133703000178;281;;;0;H;20170427
V;10369661000142;58133703000178;282;;;0;H;20170423
V;10369661000142;58133703000178;282;;;0;H;20170424
V;10369661000142;58133703000178;282;;;0;H;20170425
V;10369661000142;58133703000178;282;;;0;H;20170426
V;10369661000142;58133703000178;282;;;0;H;20170427
V;10369661000142;58133703000178;282;;;70;H;20170423
V;10369661000142;58133703000178;282;;;70;H;20170424
V;10369661000142;58133703000178;282;;;70;H;20170425
V;10369661000142;58133703000178;282;;;70;H;20170426
V;10369661000142;58133703000178;282;;;70;H;20170427
V;10369661000142;58133703000178;283;;;0;H;20170423
V;10369661000142;58133703000178;283;;;0;H;20170424
V;10369661000142;58133703000178;283;;;0;H;20170425
V;10369661000142;58133703000178;283;;;0;H;20170426
V;10369661000142;58133703000178;283;;;0;H;20170427
V;10369661000142;58133703000178;283;;;382;H;20170423
V;10369661000142;58133703000178;283;;;382;H;20170424
V;10369661000142;58133703000178;283;;;382;H;20170425
V;10369661000142;58133703000178;283;;;382;H;20170426
V;10369661000142;58133703000178;283;;;382;H;20170427
V;10369661000142;58133703000178;284;;;0;H;20170423
V;10369661000142;58133703000178;284;;;0;H;20170424
V;10369661000142;58133703000178;284;;;0;H;20170425
V;10369661000142;58133703000178;284;;;0;H;20170426
V;10369661000142;58133703000178;284;;;0;H;20170427
V;10369661000142;58133703000178;284;;;96;H;20170423
V;10369661000142;58133703000178;284;;;96;H;20170424
V;10369661000142;58133703000178;284;;;96;H;20170425
V;10369661000142;58133703000178;284;;;96;H;20170426
V;10369661000142;58133703000178;284;;;96;H;20170427
V;10369661000142;58133703000178;285;;;0;H;20170423
V;10369661000142;58133703000178;285;;;0;H;20170424
V;10369661000142;58133703000178;285;;;0;H;20170425
V;10369661000142;58133703000178;285;;;0;H;20170426
V;10369661000142;58133703000178;285;;;0;H;20170427
V;10369661000142;10369661000495;,;;;4;H;20170423
V;10369661000142;10369661000495;,;;;4;H;20170424
V;10369661000142;10369661000495;,;;;4;H;20170425
V;10369661000142;10369661000495;,;;;4;H;20170426
V;10369661000142;10369661000495;,;;;4;H;20170427
V;10369661000142;10369661000495;,;;;0;H;20170423
V;10369661000142;10369661000495;,;;;0;H;20170424
V;10369661000142;10369661000495;,;;;0;H;20170425
V;10369661000142;10369661000495;,;;;0;H;20170426
V;10369661000142;10369661000495;,;;;0;H;20170427
V;10369661000142;58133703000178;288;;;0;H;20170423
V;10369661000142;58133703000178;288;;;0;H;20170424
V;10369661000142;58133703000178;288;;;0;H;20170425
V;10369661000142;58133703000178;288;;;0;H;20170426
V;10369661000142;58133703000178;288;;;0;H;20170427
V;10369661000142;58133703000178;289;;;0;H;20170423
V;10369661000142;58133703000178;289;;;0;H;20170424
V;10369661000142;58133703000178;289;;;0;H;20170425
V;10369661000142;58133703000178;289;;;0;H;20170426
V;10369661000142;58133703000178;289;;;0;H;20170427
V;10369661000142;58133703000178;292;;;0;H;20170423
V;10369661000142;58133703000178;292;;;0;H;20170424
V;10369661000142;58133703000178;292;;;0;H;20170425
V;10369661000142;58133703000178;292;;;0;H;20170426
V;10369661000142;58133703000178;292;;;0;H;20170427
V;10369661000142;58133703000178;293;;;0;H;20170423
V;10369661000142;58133703000178;293;;;0;H;20170424
V;10369661000142;58133703000178;293;;;0;H;20170425
V;10369661000142;58133703000178;293;;;0;H;20170426
V;10369661000142;58133703000178;293;;;0;H;20170427
V;10369661000142;58133703000178;297;;;0;H;20170423
V;10369661000142;58133703000178;297;;;0;H;20170424
V;10369661000142;58133703000178;297;;;0;H;20170425
V;10369661000142;58133703000178;297;;;0;H;20170426
V;10369661000142;58133703000178;297;;;0;H;20170427
V;10369661000142;58133703000178;298;;;120;H;20170423
V;10369661000142;58133703000178;298;;;120;H;20170424
V;10369661000142;58133703000178;298;;;120;H;20170425
V;10369661000142;58133703000178;298;;;120;H;20170426
V;10369661000142;58133703000178;298;;;120;H;20170427
V;10369661000142;58133703000178;298;;;0;H;20170423
V;10369661000142;58133703000178;298;;;0;H;20170424
V;10369661000142;58133703000178;298;;;0;H;20170425
V;10369661000142;58133703000178;298;;;0;H;20170426
V;10369661000142;58133703000178;298;;;0;H;20170427
V;10369661000142;05480599002256;299;;;0;H;20170423
V;10369661000142;05480599002256;299;;;0;H;20170424
V;10369661000142;05480599002256;299;;;0;H;20170425
V;10369661000142;05480599002256;299;;;0;H;20170426
V;10369661000142;05480599002256;299;;;0;H;20170427
V;10369661000142;05480599002256;299;;;474;H;20170423
V;10369661000142;05480599002256;299;;;474;H;20170424
V;10369661000142;05480599002256;299;;;474;H;20170425
V;10369661000142;05480599002256;299;;;474;H;20170426
V;10369661000142;05480599002256;299;;;474;H;20170427
V;10369661000142;10894410000187;300;;;0;H;20170423
V;10369661000142;10894410000187;300;;;0;H;20170424
V;10369661000142;10894410000187;300;;;0;H;20170425
V;10369661000142;10894410000187;300;;;0;H;20170426
V;10369661000142;10894410000187;300;;;0;H;20170427
V;10369661000142;47626510000132;301;;;0;H;20170423
V;10369661000142;47626510000132;301;;;0;H;20170424
V;10369661000142;47626510000132;301;;;0;H;20170425
V;10369661000142;47626510000132;301;;;0;H;20170426
V;10369661000142;47626510000132;301;;;0;H;20170427
V;10369661000142;60744463001080;302;;;299;H;20170423
V;10369661000142;60744463001080;302;;;299;H;20170424
V;10369661000142;60744463001080;302;;;299;H;20170425
V;10369661000142;60744463001080;302;;;299;H;20170426
V;10369661000142;60744463001080;302;;;299;H;20170427
V;10369661000142;60744463001080;302;;;0;H;20170423
V;10369661000142;60744463001080;302;;;0;H;20170424
V;10369661000142;60744463001080;302;;;0;H;20170425
V;10369661000142;60744463001080;302;;;0;H;20170426
V;10369661000142;60744463001080;302;;;0;H;20170427
V;10369661000142;96832076000314;303;;;0;H;20170423
V;10369661000142;96832076000314;303;;;0;H;20170424
V;10369661000142;96832076000314;303;;;0;H;20170425
V;10369661000142;96832076000314;303;;;0;H;20170426
V;10369661000142;96832076000314;303;;;0;H;20170427
V;10369661000142;18459628002088;305;;;0;H;20170423
V;10369661000142;18459628002088;305;;;0;H;20170424
V;10369661000142;18459628002088;305;;;0;H;20170425
V;10369661000142;18459628002088;305;;;0;H;20170426
V;10369661000142;18459628002088;305;;;0;H;20170427
V;10369661000142;18459628002088;306;;;0;H;20170423
V;10369661000142;18459628002088;306;;;0;H;20170424
V;10369661000142;18459628002088;306;;;0;H;20170425
V;10369661000142;18459628002088;306;;;0;H;20170426
V;10369661000142;18459628002088;306;;;0;H;20170427
V;10369661000142;18459628002088;306;;;10;H;20170423
V;10369661000142;18459628002088;306;;;10;H;20170424
V;10369661000142;18459628002088;306;;;10;H;20170425
V;10369661000142;18459628002088;306;;;10;H;20170426
V;10369661000142;18459628002088;306;;;10;H;20170427
V;10369661000142;76719525000305;732;;;18;H;20170423
V;10369661000142;76719525000305;732;;;18;H;20170424
V;10369661000142;76719525000305;732;;;18;H;20170425
V;10369661000142;76719525000305;732;;;18;H;20170426
V;10369661000142;76719525000305;732;;;18;H;20170427
V;10369661000142;76719525000305;732;;;0;H;20170423
V;10369661000142;76719525000305;732;;;0;H;20170424
V;10369661000142;76719525000305;732;;;0;H;20170425
V;10369661000142;76719525000305;732;;;0;H;20170426
V;10369661000142;76719525000305;732;;;0;H;20170427
V;10369661000142;10369661000495;1094;;;0;H;20170423
V;10369661000142;10369661000495;1094;;;0;H;20170424
V;10369661000142;10369661000495;1094;;;0;H;20170425
V;10369661000142;10369661000495;1094;;;0;H;20170426
V;10369661000142;10369661000495;1094;;;0;H;20170427
V;10369661000142;47180625002190;TRUP;;;45;H;20170423
V;10369661000142;47180625002190;TRUP;;;45;H;20170424
V;10369661000142;47180625002190;TRUP;;;45;H;20170425
V;10369661000142;47180625002190;TRUP;;;45;H;20170426
V;10369661000142;47180625002190;TRUP;;;45;H;20170427
V;10369661000142;47180625002190;TRUP;;;0;H;20170423
V;10369661000142;47180625002190;TRUP;;;0;H;20170424
V;10369661000142;47180625002190;TRUP;;;0;H;20170425
V;10369661000142;47180625002190;TRUP;;;0;H;20170426
V;10369661000142;47180625002190;TRUP;;;0;H;20170427
V;10369661000142;47180625002190;1503;;;0;H;20170423
V;10369661000142;47180625002190;1503;;;0;H;20170424
V;10369661000142;47180625002190;1503;;;0;H;20170425
V;10369661000142;47180625002190;1503;;;0;H;20170426
V;10369661000142;47180625002190;1503;;;0;H;20170427
V;10369661000142;60744463001080;1723;;;0;H;20170423
V;10369661000142;60744463001080;1723;;;0;H;20170424
V;10369661000142;60744463001080;1723;;;0;H;20170425
V;10369661000142;60744463001080;1723;;;0;H;20170426
V;10369661000142;60744463001080;1723;;;0;H;20170427
V;10369661000142;60744463001080;1723;;;9396;H;20170423
V;10369661000142;60744463001080;1723;;;9396;H;20170424
V;10369661000142;60744463001080;1723;;;9396;H;20170425
V;10369661000142;60744463001080;1723;;;9396;H;20170426
V;10369661000142;60744463001080;1723;;;9396;H;20170427
V;10369661000142;47180625002190;1724;;;0;H;20170423
V;10369661000142;47180625002190;1724;;;0;H;20170424
V;10369661000142;47180625002190;1724;;;0;H;20170425
V;10369661000142;47180625002190;1724;;;0;H;20170426
V;10369661000142;47180625002190;1724;;;0;H;20170427
V;10369661000142;47180625002190;1724;;;1;H;20170423
V;10369661000142;47180625002190;1724;;;1;H;20170424
V;10369661000142;47180625002190;1724;;;1;H;20170425
V;10369661000142;47180625002190;1724;;;1;H;20170426
V;10369661000142;47180625002190;1724;;;1;H;20170427
V;10369661000142;23361306001060;1740;;;216;H;20170423
V;10369661000142;23361306001060;1740;;;216;H;20170424
V;10369661000142;23361306001060;1740;;;216;H;20170425
V;10369661000142;23361306001060;1740;;;216;H;20170426
V;10369661000142;23361306001060;1740;;;216;H;20170427
V;10369661000142;23361306001060;1740;;;0;H;20170423
V;10369661000142;23361306001060;1740;;;0;H;20170424
V;10369661000142;23361306001060;1740;;;0;H;20170425
V;10369661000142;23361306001060;1740;;;0;H;20170426
V;10369661000142;23361306001060;1740;;;0;H;20170427
V;10369661000142;23361306001060;1741;;;4;H;20170423
V;10369661000142;23361306001060;1741;;;4;H;20170424
V;10369661000142;23361306001060;1741;;;4;H;20170425
V;10369661000142;23361306001060;1741;;;4;H;20170426
V;10369661000142;23361306001060;1741;;;4;H;20170427
V;10369661000142;23361306001060;1741;;;0;H;20170423
V;10369661000142;23361306001060;1741;;;0;H;20170424
V;10369661000142;23361306001060;1741;;;0;H;20170425
V;10369661000142;23361306001060;1741;;;0;H;20170426
V;10369661000142;23361306001060;1741;;;0;H;20170427
V;10369661000142;23361306001060;1744;;;0;H;20170423
V;10369661000142;23361306001060;1744;;;0;H;20170424
V;10369661000142;23361306001060;1744;;;0;H;20170425
V;10369661000142;23361306001060;1744;;;0;H;20170426
V;10369661000142;23361306001060;1744;;;0;H;20170427
V;10369661000142;23361306001060;1744;;;195;H;20170423
V;10369661000142;23361306001060;1744;;;195;H;20170424
V;10369661000142;23361306001060;1744;;;195;H;20170425
V;10369661000142;23361306001060;1744;;;195;H;20170426
V;10369661000142;23361306001060;1744;;;195;H;20170427
V;10369661000142;23361306001060;1745;;;0;H;20170423
V;10369661000142;23361306001060;1745;;;0;H;20170424
V;10369661000142;23361306001060;1745;;;0;H;20170425
V;10369661000142;23361306001060;1745;;;0;H;20170426
V;10369661000142;23361306001060;1745;;;0;H;20170427
V;10369661000142;42462952000177;1780;;;13;H;20170423
V;10369661000142;42462952000177;1780;;;13;H;20170424
V;10369661000142;42462952000177;1780;;;13;H;20170425
V;10369661000142;42462952000177;1780;;;13;H;20170426
V;10369661000142;42462952000177;1780;;;13;H;20170427
V;10369661000142;42462952000177;1780;;;0;H;20170423
V;10369661000142;42462952000177;1780;;;0;H;20170424
V;10369661000142;42462952000177;1780;;;0;H;20170425
V;10369661000142;42462952000177;1780;;;0;H;20170426
V;10369661000142;42462952000177;1780;;;0;H;20170427
V;10369661000142;42462952000177;1781;;;0;H;20170423
V;10369661000142;42462952000177;1781;;;0;H;20170424
V;10369661000142;42462952000177;1781;;;0;H;20170425
V;10369661000142;42462952000177;1781;;;0;H;20170426
V;10369661000142;42462952000177;1781;;;0;H;20170427
V;10369661000142;18459628002088;1800;;;0;H;20170423
V;10369661000142;18459628002088;1800;;;0;H;20170424
V;10369661000142;18459628002088;1800;;;0;H;20170425
V;10369661000142;18459628002088;1800;;;0;H;20170426
V;10369661000142;18459628002088;1800;;;0;H;20170427
V;10369661000142;03237990000174;1801;;;0;H;20170423
V;10369661000142;03237990000174;1801;;;0;H;20170424
V;10369661000142;03237990000174;1801;;;0;H;20170425
V;10369661000142;03237990000174;1801;;;0;H;20170426
V;10369661000142;03237990000174;1801;;;0;H;20170427
V;10369661000142;60744463001080;1804;;;0;H;20170423
V;10369661000142;60744463001080;1804;;;0;H;20170424
V;10369661000142;60744463001080;1804;;;0;H;20170425
V;10369661000142;60744463001080;1804;;;0;H;20170426
V;10369661000142;60744463001080;1804;;;0;H;20170427
V;10369661000142;60744463001080;1805;;;0;H;20170423
V;10369661000142;60744463001080;1805;;;0;H;20170424
V;10369661000142;60744463001080;1805;;;0;H;20170425
V;10369661000142;60744463001080;1805;;;0;H;20170426
V;10369661000142;60744463001080;1805;;;0;H;20170427
V;10369661000142;60744463001080;1806;;;0;H;20170423
V;10369661000142;60744463001080;1806;;;0;H;20170424
V;10369661000142;60744463001080;1806;;;0;H;20170425
V;10369661000142;60744463001080;1806;;;0;H;20170426
V;10369661000142;60744463001080;1806;;;0;H;20170427
V;10369661000142;08789294000194;1910;;;0;H;20170423
V;10369661000142;08789294000194;1910;;;0;H;20170424
V;10369661000142;08789294000194;1910;;;0;H;20170425
V;10369661000142;08789294000194;1910;;;0;H;20170426
V;10369661000142;08789294000194;1910;;;0;H;20170427
V;10369661000142;08789294000194;1910;;;3;H;20170423
V;10369661000142;08789294000194;1910;;;3;H;20170424
V;10369661000142;08789294000194;1910;;;3;H;20170425
V;10369661000142;08789294000194;1910;;;3;H;20170426
V;10369661000142;08789294000194;1910;;;3;H;20170427
V;10369661000142;10369661000495;1915;;;0;H;20170423
V;10369661000142;10369661000495;1915;;;0;H;20170424
V;10369661000142;10369661000495;1915;;;0;H;20170425
V;10369661000142;10369661000495;1915;;;0;H;20170426
V;10369661000142;10369661000495;1915;;;0;H;20170427
V;10369661000142;10369661000495;1915;;;4;H;20170423
V;10369661000142;10369661000495;1915;;;4;H;20170424
V;10369661000142;10369661000495;1915;;;4;H;20170425
V;10369661000142;10369661000495;1915;;;4;H;20170426
V;10369661000142;10369661000495;1915;;;4;H;20170427
V;10369661000142;08789294000194;1916;;;0;H;20170423
V;10369661000142;08789294000194;1916;;;0;H;20170424
V;10369661000142;08789294000194;1916;;;0;H;20170425
V;10369661000142;08789294000194;1916;;;0;H;20170426
V;10369661000142;08789294000194;1916;;;0;H;20170427
V;10369661000142;08789294000194;1916;;;500;H;20170423
V;10369661000142;08789294000194;1916;;;500;H;20170424
V;10369661000142;08789294000194;1916;;;500;H;20170425
V;10369661000142;08789294000194;1916;;;500;H;20170426
V;10369661000142;08789294000194;1916;;;500;H;20170427
V;10369661000142;08789294000194;1917;;;0;H;20170423
V;10369661000142;08789294000194;1917;;;0;H;20170424
V;10369661000142;08789294000194;1917;;;0;H;20170425
V;10369661000142;08789294000194;1917;;;0;H;20170426
V;10369661000142;08789294000194;1917;;;0;H;20170427
V;10369661000142;47180625002190;1929;;;0;H;20170423
V;10369661000142;47180625002190;1929;;;0;H;20170424
V;10369661000142;47180625002190;1929;;;0;H;20170425
V;10369661000142;47180625002190;1929;;;0;H;20170426
V;10369661000142;47180625002190;1929;;;0;H;20170427
V;10369661000142;47180625002190;1929;;;6;H;20170423
V;10369661000142;47180625002190;1929;;;6;H;20170424
V;10369661000142;47180625002190;1929;;;6;H;20170425
V;10369661000142;47180625002190;1929;;;6;H;20170426
V;10369661000142;47180625002190;1929;;;6;H;20170427
V;10369661000142;11977831000304;1983;;;0;H;20170423
V;10369661000142;11977831000304;1983;;;0;H;20170424
V;10369661000142;11977831000304;1983;;;0;H;20170425
V;10369661000142;11977831000304;1983;;;0;H;20170426
V;10369661000142;11977831000304;1983;;;0;H;20170427
V;10369661000142;07467822000126;2004;;;0;H;20170423
V;10369661000142;07467822000126;2004;;;0;H;20170424
V;10369661000142;07467822000126;2004;;;0;H;20170425
V;10369661000142;07467822000126;2004;;;0;H;20170426
V;10369661000142;07467822000126;2004;;;0;H;20170427
V;10369661000142;07467822000126;2004;;;49;H;20170423
V;10369661000142;07467822000126;2004;;;49;H;20170424
V;10369661000142;07467822000126;2004;;;49;H;20170425
V;10369661000142;07467822000126;2004;;;49;H;20170426
V;10369661000142;07467822000126;2004;;;49;H;20170427
V;10369661000142;11977831000134;2008;;;0;H;20170423
V;10369661000142;11977831000134;2008;;;0;H;20170424
V;10369661000142;11977831000134;2008;;;0;H;20170425
V;10369661000142;11977831000134;2008;;;0;H;20170426
V;10369661000142;11977831000134;2008;;;0;H;20170427
V;10369661000142;10369661000495;2012;;;0;H;20170423
V;10369661000142;10369661000495;2012;;;0;H;20170424
V;10369661000142;10369661000495;2012;;;0;H;20170425
V;10369661000142;10369661000495;2012;;;0;H;20170426
V;10369661000142;10369661000495;2012;;;0;H;20170427
V;10369661000142;00187467000192;2013;;;0;H;20170423
V;10369661000142;00187467000192;2013;;;0;H;20170424
V;10369661000142;00187467000192;2013;;;0;H;20170425
V;10369661000142;00187467000192;2013;;;0;H;20170426
V;10369661000142;00187467000192;2013;;;0;H;20170427
V;10369661000142;00187467000192;2013;;;460;H;20170423
V;10369661000142;00187467000192;2013;;;460;H;20170424
V;10369661000142;00187467000192;2013;;;460;H;20170425
V;10369661000142;00187467000192;2013;;;460;H;20170426
V;10369661000142;00187467000192;2013;;;460;H;20170427
V;10369661000142;00187467000192;2014;;;0;H;20170423
V;10369661000142;00187467000192;2014;;;0;H;20170424
V;10369661000142;00187467000192;2014;;;0;H;20170425
V;10369661000142;00187467000192;2014;;;0;H;20170426
V;10369661000142;00187467000192;2014;;;0;H;20170427
V;10369661000142;00187467000192;2014;;;218;H;20170423
V;10369661000142;00187467000192;2014;;;218;H;20170424
V;10369661000142;00187467000192;2014;;;218;H;20170425
V;10369661000142;00187467000192;2014;;;218;H;20170426
V;10369661000142;00187467000192;2014;;;218;H;20170427
V;10369661000142;05772606000401;2017;;;25;H;20170423
V;10369661000142;05772606000401;2017;;;25;H;20170424
V;10369661000142;05772606000401;2017;;;25;H;20170425
V;10369661000142;05772606000401;2017;;;25;H;20170426
V;10369661000142;05772606000401;2017;;;25;H;20170427
V;10369661000142;05772606000401;2017;;;0;H;20170423
V;10369661000142;05772606000401;2017;;;0;H;20170424
V;10369661000142;05772606000401;2017;;;0;H;20170425
V;10369661000142;05772606000401;2017;;;0;H;20170426
V;10369661000142;05772606000401;2017;;;0;H;20170427
V;10369661000142;05772606000401;2018;;;0;H;20170423
V;10369661000142;05772606000401;2018;;;0;H;20170424
V;10369661000142;05772606000401;2018;;;0;H;20170425
V;10369661000142;05772606000401;2018;;;0;H;20170426
V;10369661000142;05772606000401;2018;;;0;H;20170427
V;10369661000142;05772606000401;2018;;;990;H;20170423
V;10369661000142;05772606000401;2018;;;990;H;20170424
V;10369661000142;05772606000401;2018;;;990;H;20170425
V;10369661000142;05772606000401;2018;;;990;H;20170426
V;10369661000142;05772606000401;2018;;;990;H;20170427
V;10369661000142;05772606000401;2019;;;0;H;20170423
V;10369661000142;05772606000401;2019;;;0;H;20170424
V;10369661000142;05772606000401;2019;;;0;H;20170425
V;10369661000142;05772606000401;2019;;;0;H;20170426
V;10369661000142;05772606000401;2019;;;0;H;20170427
V;10369661000142;05772606000401;2019;;;15;H;20170423
V;10369661000142;05772606000401;2019;;;15;H;20170424
V;10369661000142;05772606000401;2019;;;15;H;20170425
V;10369661000142;05772606000401;2019;;;15;H;20170426
V;10369661000142;05772606000401;2019;;;15;H;20170427
V;10369661000142;47180625002190;2023;;;2180;H;20170423
V;10369661000142;47180625002190;2023;;;2180;H;20170424
V;10369661000142;47180625002190;2023;;;2180;H;20170425
V;10369661000142;47180625002190;2023;;;2180;H;20170426
V;10369661000142;47180625002190;2023;;;2180;H;20170427
V;10369661000142;47180625002190;2023;;;0;H;20170423
V;10369661000142;47180625002190;2023;;;0;H;20170424
V;10369661000142;47180625002190;2023;;;0;H;20170425
V;10369661000142;47180625002190;2023;;;0;H;20170426
V;10369661000142;47180625002190;2023;;;0;H;20170427
V;10369661000142;47180625002190;2024;;;0;H;20170423
V;10369661000142;47180625002190;2024;;;0;H;20170424
V;10369661000142;47180625002190;2024;;;0;H;20170425
V;10369661000142;47180625002190;2024;;;0;H;20170426
V;10369661000142;47180625002190;2024;;;0;H;20170427
V;10369661000142;47180625002190;2024;;;91;H;20170423
V;10369661000142;47180625002190;2024;;;91;H;20170424
V;10369661000142;47180625002190;2024;;;91;H;20170425
V;10369661000142;47180625002190;2024;;;91;H;20170426
V;10369661000142;47180625002190;2024;;;91;H;20170427
V;10369661000142;47180625002190;2025;;;0;H;20170423
V;10369661000142;47180625002190;2025;;;0;H;20170424
V;10369661000142;47180625002190;2025;;;0;H;20170425
V;10369661000142;47180625002190;2025;;;0;H;20170426
V;10369661000142;47180625002190;2025;;;0;H;20170427
V;10369661000142;47180625002190;2025;;;12;H;20170423
V;10369661000142;47180625002190;2025;;;12;H;20170424
V;10369661000142;47180625002190;2025;;;12;H;20170425
V;10369661000142;47180625002190;2025;;;12;H;20170426
V;10369661000142;47180625002190;2025;;;12;H;20170427
V;10369661000142;61142550000130;2030;;;0;H;20170423
V;10369661000142;61142550000130;2030;;;0;H;20170424
V;10369661000142;61142550000130;2030;;;0;H;20170425
V;10369661000142;61142550000130;2030;;;0;H;20170426
V;10369661000142;61142550000130;2030;;;0;H;20170427
V;10369661000142;61142550000130;2030;;;34;H;20170423
V;10369661000142;61142550000130;2030;;;34;H;20170424
V;10369661000142;61142550000130;2030;;;34;H;20170425
V;10369661000142;61142550000130;2030;;;34;H;20170426
V;10369661000142;61142550000130;2030;;;34;H;20170427
V;10369661000142;10369661000142;2048;;;0;H;20170423
V;10369661000142;10369661000142;2048;;;0;H;20170424
V;10369661000142;10369661000142;2048;;;0;H;20170425
V;10369661000142;10369661000142;2048;;;0;H;20170426
V;10369661000142;10369661000142;2048;;;0;H;20170427
V;10369661000142;10369661000142;2048;;;11;H;20170423
V;10369661000142;10369661000142;2048;;;11;H;20170424
V;10369661000142;10369661000142;2048;;;11;H;20170425
V;10369661000142;10369661000142;2048;;;11;H;20170426
V;10369661000142;10369661000142;2048;;;11;H;20170427
V;10369661000142;05772606000401;2062;;;0;H;20170423
V;10369661000142;05772606000401;2062;;;0;H;20170424
V;10369661000142;05772606000401;2062;;;0;H;20170425
V;10369661000142;05772606000401;2062;;;0;H;20170426
V;10369661000142;05772606000401;2062;;;0;H;20170427
V;10369661000142;05772606000401;2062;;;5;H;20170423
V;10369661000142;05772606000401;2062;;;5;H;20170424
V;10369661000142;05772606000401;2062;;;5;H;20170425
V;10369661000142;05772606000401;2062;;;5;H;20170426
V;10369661000142;05772606000401;2062;;;5;H;20170427
V;10369661000142;05772606000401;2063;;;11;H;20170423
V;10369661000142;05772606000401;2063;;;11;H;20170424
V;10369661000142;05772606000401;2063;;;11;H;20170425
V;10369661000142;05772606000401;2063;;;11;H;20170426
V;10369661000142;05772606000401;2063;;;11;H;20170427
V;10369661000142;05772606000401;2063;;;0;H;20170423
V;10369661000142;05772606000401;2063;;;0;H;20170424
V;10369661000142;05772606000401;2063;;;0;H;20170425
V;10369661000142;05772606000401;2063;;;0;H;20170426
V;10369661000142;05772606000401;2063;;;0;H;20170427
V;10369661000142;10369661000142;2069;;;0;H;20170423
V;10369661000142;10369661000142;2069;;;0;H;20170424
V;10369661000142;10369661000142;2069;;;0;H;20170425
V;10369661000142;10369661000142;2069;;;0;H;20170426
V;10369661000142;10369661000142;2069;;;0;H;20170427
V;10369661000142;11977831000134;2072;;;0;H;20170423
V;10369661000142;11977831000134;2072;;;0;H;20170424
V;10369661000142;11977831000134;2072;;;0;H;20170425
V;10369661000142;11977831000134;2072;;;0;H;20170426
V;10369661000142;11977831000134;2072;;;0;H;20170427
V;10369661000142;07467822000711;2091;;;0;H;20170423
V;10369661000142;07467822000711;2091;;;0;H;20170424
V;10369661000142;07467822000711;2091;;;0;H;20170425
V;10369661000142;07467822000711;2091;;;0;H;20170426
V;10369661000142;07467822000711;2091;;;0;H;20170427
V;10369661000142;11977831000304;2112;;;0;H;20170423
V;10369661000142;11977831000304;2112;;;0;H;20170424
V;10369661000142;11977831000304;2112;;;0;H;20170425
V;10369661000142;11977831000304;2112;;;0;H;20170426
V;10369661000142;11977831000304;2112;;;0;H;20170427
V;10369661000142;07467822000126;2134;;;0;H;20170423
V;10369661000142;07467822000126;2134;;;0;H;20170424
V;10369661000142;07467822000126;2134;;;0;H;20170425
V;10369661000142;07467822000126;2134;;;0;H;20170426
V;10369661000142;07467822000126;2134;;;0;H;20170427
V;10369661000142;07467822000126;2134;;;4;H;20170423
V;10369661000142;07467822000126;2134;;;4;H;20170424
V;10369661000142;07467822000126;2134;;;4;H;20170425
V;10369661000142;07467822000126;2134;;;4;H;20170426
V;10369661000142;07467822000126;2134;;;4;H;20170427
V;10369661000142;18459628008795;2176;;;0;H;20170423
V;10369661000142;18459628008795;2176;;;0;H;20170424
V;10369661000142;18459628008795;2176;;;0;H;20170425
V;10369661000142;18459628008795;2176;;;0;H;20170426
V;10369661000142;18459628008795;2176;;;0;H;20170427
V;10369661000142;18459628008795;2176;;;6;H;20170423
V;10369661000142;18459628008795;2176;;;6;H;20170424
V;10369661000142;18459628008795;2176;;;6;H;20170425
V;10369661000142;18459628008795;2176;;;6;H;20170426
V;10369661000142;18459628008795;2176;;;6;H;20170427
V;10369661000142;18459628008795;2177;;;0;H;20170423
V;10369661000142;18459628008795;2177;;;0;H;20170424
V;10369661000142;18459628008795;2177;;;0;H;20170425
V;10369661000142;18459628008795;2177;;;0;H;20170426
V;10369661000142;18459628008795;2177;;;0;H;20170427
V;10369661000142;18459628008795;2178;;;0;H;20170423
V;10369661000142;18459628008795;2178;;;0;H;20170424
V;10369661000142;18459628008795;2178;;;0;H;20170425
V;10369661000142;18459628008795;2178;;;0;H;20170426
V;10369661000142;18459628008795;2178;;;0;H;20170427
V;10369661000142;18459628008795;2178;;;8;H;20170423
V;10369661000142;18459628008795;2178;;;8;H;20170424
V;10369661000142;18459628008795;2178;;;8;H;20170425
V;10369661000142;18459628008795;2178;;;8;H;20170426
V;10369661000142;18459628008795;2178;;;8;H;20170427
V;10369661000142;60744463001080;2189;;;45;H;20170423
V;10369661000142;60744463001080;2189;;;45;H;20170424
V;10369661000142;60744463001080;2189;;;45;H;20170425
V;10369661000142;60744463001080;2189;;;45;H;20170426
V;10369661000142;60744463001080;2189;;;45;H;20170427
V;10369661000142;60744463001080;2189;;;0;H;20170423
V;10369661000142;60744463001080;2189;;;0;H;20170424
V;10369661000142;60744463001080;2189;;;0;H;20170425
V;10369661000142;60744463001080;2189;;;0;H;20170426
V;10369661000142;60744463001080;2189;;;0;H;20170427
V;10369661000142;08636452001300;2190;;;0;H;20170423
V;10369661000142;08636452001300;2190;;;0;H;20170424
V;10369661000142;08636452001300;2190;;;0;H;20170425
V;10369661000142;08636452001300;2190;;;0;H;20170426
V;10369661000142;08636452001300;2190;;;0;H;20170427
V;10369661000142;60744463001080;2193;;;24;H;20170423
V;10369661000142;60744463001080;2193;;;24;H;20170424
V;10369661000142;60744463001080;2193;;;24;H;20170425
V;10369661000142;60744463001080;2193;;;24;H;20170426
V;10369661000142;60744463001080;2193;;;24;H;20170427
V;10369661000142;60744463001080;2193;;;0;H;20170423
V;10369661000142;60744463001080;2193;;;0;H;20170424
V;10369661000142;60744463001080;2193;;;0;H;20170425
V;10369661000142;60744463001080;2193;;;0;H;20170426
V;10369661000142;60744463001080;2193;;;0;H;20170427
V;10369661000142;67148692000271;2219;;;0;H;20170423
V;10369661000142;67148692000271;2219;;;0;H;20170424
V;10369661000142;67148692000271;2219;;;0;H;20170425
V;10369661000142;67148692000271;2219;;;0;H;20170426
V;10369661000142;67148692000271;2219;;;0;H;20170427
V;10369661000142;61142550000130;2246;;;0;H;20170423
V;10369661000142;61142550000130;2246;;;0;H;20170424
V;10369661000142;61142550000130;2246;;;0;H;20170425
V;10369661000142;61142550000130;2246;;;0;H;20170426
V;10369661000142;61142550000130;2246;;;0;H;20170427
E
