H;10369661000142;20161230;20161230
V;10369661000142;48539407009840;12;;;0;H;20161230
V;10369661000142;48539407009840;12;;;0;H;20161231
V;10369661000142;48539407009840;12;;;0;H;20170101
V;10369661000142;48539407009840;12;;;0;H;20170102
V;10369661000142;48539407009840;12;;;0;H;20170103
V;10369661000142;48539407009840;13;;;4;H;20161230
V;10369661000142;48539407009840;13;;;4;H;20161231
V;10369661000142;48539407009840;13;;;4;H;20170101
V;10369661000142;48539407009840;13;;;4;H;20170102
V;10369661000142;48539407009840;13;;;4;H;20170103
V;10369661000142;48539407009840;17;;;0;H;20161230
V;10369661000142;48539407009840;17;;;0;H;20161231
V;10369661000142;48539407009840;17;;;0;H;20170101
V;10369661000142;48539407009840;17;;;0;H;20170102
V;10369661000142;48539407009840;17;;;0;H;20170103
V;10369661000142;48539407009840;24;;;9;H;20161230
V;10369661000142;48539407009840;24;;;9;H;20161231
V;10369661000142;48539407009840;24;;;9;H;20170101
V;10369661000142;48539407009840;24;;;9;H;20170102
V;10369661000142;48539407009840;24;;;9;H;20170103
V;10369661000142;48539407009840;25;;;20;H;20161230
V;10369661000142;48539407009840;25;;;20;H;20161231
V;10369661000142;48539407009840;25;;;20;H;20170101
V;10369661000142;48539407009840;25;;;20;H;20170102
V;10369661000142;48539407009840;25;;;20;H;20170103
V;10369661000142;48539407009840;26;;;4;H;20161230
V;10369661000142;48539407009840;26;;;4;H;20161231
V;10369661000142;48539407009840;26;;;4;H;20170101
V;10369661000142;48539407009840;26;;;4;H;20170102
V;10369661000142;48539407009840;26;;;4;H;20170103
V;10369661000142;48539407009840;27;;;0;H;20161230
V;10369661000142;48539407009840;27;;;0;H;20161231
V;10369661000142;48539407009840;27;;;0;H;20170101
V;10369661000142;48539407009840;27;;;0;H;20170102
V;10369661000142;48539407009840;27;;;0;H;20170103
V;10369661000142;48539407009840;28;;;0;H;20161230
V;10369661000142;48539407009840;28;;;0;H;20161231
V;10369661000142;48539407009840;28;;;0;H;20170101
V;10369661000142;48539407009840;28;;;0;H;20170102
V;10369661000142;48539407009840;28;;;0;H;20170103
V;10369661000142;48539407009840;29;;;0;H;20161230
V;10369661000142;48539407009840;29;;;0;H;20161231
V;10369661000142;48539407009840;29;;;0;H;20170101
V;10369661000142;48539407009840;29;;;0;H;20170102
V;10369661000142;48539407009840;29;;;0;H;20170103
V;10369661000142;48539407009840;30;;;47;H;20161230
V;10369661000142;48539407009840;30;;;47;H;20161231
V;10369661000142;48539407009840;30;;;47;H;20170101
V;10369661000142;48539407009840;30;;;47;H;20170102
V;10369661000142;48539407009840;30;;;47;H;20170103
V;10369661000142;48539407009840;31;;;1020;H;20161230
V;10369661000142;48539407009840;31;;;1020;H;20161231
V;10369661000142;48539407009840;31;;;1020;H;20170101
V;10369661000142;48539407009840;31;;;1020;H;20170102
V;10369661000142;48539407009840;31;;;1020;H;20170103
V;10369661000142;47180625002190;32;;;0;H;20161230
V;10369661000142;47180625002190;32;;;0;H;20161231
V;10369661000142;47180625002190;32;;;0;H;20170101
V;10369661000142;47180625002190;32;;;0;H;20170102
V;10369661000142;47180625002190;32;;;0;H;20170103
V;10369661000142;48539407009840;33;;;6;H;20161230
V;10369661000142;48539407009840;33;;;6;H;20161231
V;10369661000142;48539407009840;33;;;6;H;20170101
V;10369661000142;48539407009840;33;;;6;H;20170102
V;10369661000142;48539407009840;33;;;6;H;20170103
V;10369661000142;48539407009840;34;;;367;H;20161230
V;10369661000142;48539407009840;34;;;367;H;20161231
V;10369661000142;48539407009840;34;;;367;H;20170101
V;10369661000142;48539407009840;34;;;367;H;20170102
V;10369661000142;48539407009840;34;;;367;H;20170103
V;10369661000142;48539407009840;35;;;0;H;20161230
V;10369661000142;48539407009840;35;;;0;H;20161231
V;10369661000142;48539407009840;35;;;0;H;20170101
V;10369661000142;48539407009840;35;;;0;H;20170102
V;10369661000142;48539407009840;35;;;0;H;20170103
V;10369661000142;48539407009840;36;;;0;H;20161230
V;10369661000142;48539407009840;36;;;0;H;20161231
V;10369661000142;48539407009840;36;;;0;H;20170101
V;10369661000142;48539407009840;36;;;0;H;20170102
V;10369661000142;48539407009840;36;;;0;H;20170103
V;10369661000142;48539407009840;37;;;4;H;20161230
V;10369661000142;48539407009840;37;;;4;H;20161231
V;10369661000142;48539407009840;37;;;4;H;20170101
V;10369661000142;48539407009840;37;;;4;H;20170102
V;10369661000142;48539407009840;37;;;4;H;20170103
V;10369661000142;48539407009840;38;;;72;H;20161230
V;10369661000142;48539407009840;38;;;72;H;20161231
V;10369661000142;48539407009840;38;;;72;H;20170101
V;10369661000142;48539407009840;38;;;72;H;20170102
V;10369661000142;48539407009840;38;;;72;H;20170103
V;10369661000142;48539407009840;39;;;0;H;20161230
V;10369661000142;48539407009840;39;;;0;H;20161231
V;10369661000142;48539407009840;39;;;0;H;20170101
V;10369661000142;48539407009840;39;;;0;H;20170102
V;10369661000142;48539407009840;39;;;0;H;20170103
V;10369661000142;18459628008795;7892058111288;;;0;H;20161230
V;10369661000142;18459628008795;7892058111288;;;0;H;20161231
V;10369661000142;18459628008795;7892058111288;;;0;H;20170101
V;10369661000142;18459628008795;7892058111288;;;0;H;20170102
V;10369661000142;18459628008795;7892058111288;;;0;H;20170103
V;10369661000142;48539407009840;41;;;40;H;20161230
V;10369661000142;48539407009840;41;;;40;H;20161231
V;10369661000142;48539407009840;41;;;40;H;20170101
V;10369661000142;48539407009840;41;;;40;H;20170102
V;10369661000142;48539407009840;41;;;40;H;20170103
V;10369661000142;48539407009840;42;;;106;H;20161230
V;10369661000142;48539407009840;42;;;106;H;20161231
V;10369661000142;48539407009840;42;;;106;H;20170101
V;10369661000142;48539407009840;42;;;106;H;20170102
V;10369661000142;48539407009840;42;;;106;H;20170103
V;10369661000142;48539407009840;43;;;33;H;20161230
V;10369661000142;48539407009840;43;;;33;H;20161231
V;10369661000142;48539407009840;43;;;33;H;20170101
V;10369661000142;48539407009840;43;;;33;H;20170102
V;10369661000142;48539407009840;43;;;33;H;20170103
V;10369661000142;48539407009840;44;;;24;H;20161230
V;10369661000142;48539407009840;44;;;24;H;20161231
V;10369661000142;48539407009840;44;;;24;H;20170101
V;10369661000142;48539407009840;44;;;24;H;20170102
V;10369661000142;48539407009840;44;;;24;H;20170103
V;10369661000142;48539407009840;45;;;0;H;20161230
V;10369661000142;48539407009840;45;;;0;H;20161231
V;10369661000142;48539407009840;45;;;0;H;20170101
V;10369661000142;48539407009840;45;;;0;H;20170102
V;10369661000142;48539407009840;45;;;0;H;20170103
V;10369661000142;48539407009840;46;;;0;H;20161230
V;10369661000142;48539407009840;46;;;0;H;20161231
V;10369661000142;48539407009840;46;;;0;H;20170101
V;10369661000142;48539407009840;46;;;0;H;20170102
V;10369661000142;48539407009840;46;;;0;H;20170103
V;10369661000142;48539407009840;47;;;0;H;20161230
V;10369661000142;48539407009840;47;;;0;H;20161231
V;10369661000142;48539407009840;47;;;0;H;20170101
V;10369661000142;48539407009840;47;;;0;H;20170102
V;10369661000142;48539407009840;47;;;0;H;20170103
V;10369661000142;18459628008795;7892058115095;;;11;H;20161230
V;10369661000142;18459628008795;7892058115095;;;11;H;20161231
V;10369661000142;18459628008795;7892058115095;;;11;H;20170101
V;10369661000142;18459628008795;7892058115095;;;11;H;20170102
V;10369661000142;18459628008795;7892058115095;;;11;H;20170103
V;10369661000142;18459628008795;7892058114098;;;0;H;20161230
V;10369661000142;18459628008795;7892058114098;;;0;H;20161231
V;10369661000142;18459628008795;7892058114098;;;0;H;20170101
V;10369661000142;18459628008795;7892058114098;;;0;H;20170102
V;10369661000142;18459628008795;7892058114098;;;0;H;20170103
V;10369661000142;18459628008795;7798158493340;;;0;H;20161230
V;10369661000142;18459628008795;7798158493340;;;0;H;20161231
V;10369661000142;18459628008795;7798158493340;;;0;H;20170101
V;10369661000142;18459628008795;7798158493340;;;0;H;20170102
V;10369661000142;18459628008795;7798158493340;;;0;H;20170103
V;10369661000142;18459628008795;7892058112513;;;0;H;20161230
V;10369661000142;18459628008795;7892058112513;;;0;H;20161231
V;10369661000142;18459628008795;7892058112513;;;0;H;20170101
V;10369661000142;18459628008795;7892058112513;;;0;H;20170102
V;10369661000142;18459628008795;7892058112513;;;0;H;20170103
V;10369661000142;18459628008795;7892058109308;;;16;H;20161230
V;10369661000142;18459628008795;7892058109308;;;16;H;20161231
V;10369661000142;18459628008795;7892058109308;;;16;H;20170101
V;10369661000142;18459628008795;7892058109308;;;16;H;20170102
V;10369661000142;18459628008795;7892058109308;;;16;H;20170103
V;10369661000142;18459628008795;7892058110816;;;0;H;20161230
V;10369661000142;18459628008795;7892058110816;;;0;H;20161231
V;10369661000142;18459628008795;7892058110816;;;0;H;20170101
V;10369661000142;18459628008795;7892058110816;;;0;H;20170102
V;10369661000142;18459628008795;7892058110816;;;0;H;20170103
V;10369661000142;18459628008795;7892058111875;;;0;H;20161230
V;10369661000142;18459628008795;7892058111875;;;0;H;20161231
V;10369661000142;18459628008795;7892058111875;;;0;H;20170101
V;10369661000142;18459628008795;7892058111875;;;0;H;20170102
V;10369661000142;18459628008795;7892058111875;;;0;H;20170103
V;10369661000142;18459628008795;7892058103696;;;0;H;20161230
V;10369661000142;18459628008795;7892058103696;;;0;H;20161231
V;10369661000142;18459628008795;7892058103696;;;0;H;20170101
V;10369661000142;18459628008795;7892058103696;;;0;H;20170102
V;10369661000142;18459628008795;7892058103696;;;0;H;20170103
V;10369661000142;18459628008795;7892058102101;;;24;H;20161230
V;10369661000142;18459628008795;7892058102101;;;24;H;20161231
V;10369661000142;18459628008795;7892058102101;;;24;H;20170101
V;10369661000142;18459628008795;7892058102101;;;24;H;20170102
V;10369661000142;18459628008795;7892058102101;;;24;H;20170103
V;10369661000142;18459628008795;7892058113640;;;0;H;20161230
V;10369661000142;18459628008795;7892058113640;;;0;H;20161231
V;10369661000142;18459628008795;7892058113640;;;0;H;20170101
V;10369661000142;18459628008795;7892058113640;;;0;H;20170102
V;10369661000142;18459628008795;7892058113640;;;0;H;20170103
V;10369661000142;18459628008795;7892058101463;;;0;H;20161230
V;10369661000142;18459628008795;7892058101463;;;0;H;20161231
V;10369661000142;18459628008795;7892058101463;;;0;H;20170101
V;10369661000142;18459628008795;7892058101463;;;0;H;20170102
V;10369661000142;18459628008795;7892058101463;;;0;H;20170103
V;10369661000142;18459628008795;7892058109261;;;0;H;20161230
V;10369661000142;18459628008795;7892058109261;;;0;H;20161231
V;10369661000142;18459628008795;7892058109261;;;0;H;20170101
V;10369661000142;18459628008795;7892058109261;;;0;H;20170102
V;10369661000142;18459628008795;7892058109261;;;0;H;20170103
V;10369661000142;18459628008795;7892058108790;;;0;H;20161230
V;10369661000142;18459628008795;7892058108790;;;0;H;20161231
V;10369661000142;18459628008795;7892058108790;;;0;H;20170101
V;10369661000142;18459628008795;7892058108790;;;0;H;20170102
V;10369661000142;18459628008795;7892058108790;;;0;H;20170103
V;10369661000142;08789294000194;66;;;0;H;20161230
V;10369661000142;08789294000194;66;;;0;H;20161231
V;10369661000142;08789294000194;66;;;0;H;20170101
V;10369661000142;08789294000194;66;;;0;H;20170102
V;10369661000142;08789294000194;66;;;0;H;20170103
V;10369661000142;18459628008795;7892058116467;;;0;H;20161230
V;10369661000142;18459628008795;7892058116467;;;0;H;20161231
V;10369661000142;18459628008795;7892058116467;;;0;H;20170101
V;10369661000142;18459628008795;7892058116467;;;0;H;20170102
V;10369661000142;18459628008795;7892058116467;;;0;H;20170103
V;10369661000142;18459628008795;7892058100541;;;0;H;20161230
V;10369661000142;18459628008795;7892058100541;;;0;H;20161231
V;10369661000142;18459628008795;7892058100541;;;0;H;20170101
V;10369661000142;18459628008795;7892058100541;;;0;H;20170102
V;10369661000142;18459628008795;7892058100541;;;0;H;20170103
V;10369661000142;60744463001080;69;;;10;H;20161230
V;10369661000142;60744463001080;69;;;10;H;20161231
V;10369661000142;60744463001080;69;;;10;H;20170101
V;10369661000142;60744463001080;69;;;10;H;20170102
V;10369661000142;60744463001080;69;;;10;H;20170103
V;10369661000142;07467822000126;70;;;77;H;20161230
V;10369661000142;07467822000126;70;;;77;H;20161231
V;10369661000142;07467822000126;70;;;77;H;20170101
V;10369661000142;07467822000126;70;;;77;H;20170102
V;10369661000142;07467822000126;70;;;77;H;20170103
V;10369661000142;07467822000126;71;;;501;H;20161230
V;10369661000142;07467822000126;71;;;501;H;20161231
V;10369661000142;07467822000126;71;;;501;H;20170101
V;10369661000142;07467822000126;71;;;501;H;20170102
V;10369661000142;07467822000126;71;;;501;H;20170103
V;10369661000142;07467822000126;72;;;7;H;20161230
V;10369661000142;07467822000126;72;;;7;H;20161231
V;10369661000142;07467822000126;72;;;7;H;20170101
V;10369661000142;07467822000126;72;;;7;H;20170102
V;10369661000142;07467822000126;72;;;7;H;20170103
V;10369661000142;07467822000126;73;;;0;H;20161230
V;10369661000142;07467822000126;73;;;0;H;20161231
V;10369661000142;07467822000126;73;;;0;H;20170101
V;10369661000142;07467822000126;73;;;0;H;20170102
V;10369661000142;07467822000126;73;;;0;H;20170103
V;10369661000142;18459628008795;7892058110939;;;0;H;20161230
V;10369661000142;18459628008795;7892058110939;;;0;H;20161231
V;10369661000142;18459628008795;7892058110939;;;0;H;20170101
V;10369661000142;18459628008795;7892058110939;;;0;H;20170102
V;10369661000142;18459628008795;7892058110939;;;0;H;20170103
V;10369661000142;18459628008795;7892058111882;;;0;H;20161230
V;10369661000142;18459628008795;7892058111882;;;0;H;20161231
V;10369661000142;18459628008795;7892058111882;;;0;H;20170101
V;10369661000142;18459628008795;7892058111882;;;0;H;20170102
V;10369661000142;18459628008795;7892058111882;;;0;H;20170103
V;10369661000142;18459628008795;7892058104082;;;0;H;20161230
V;10369661000142;18459628008795;7892058104082;;;0;H;20161231
V;10369661000142;18459628008795;7892058104082;;;0;H;20170101
V;10369661000142;18459628008795;7892058104082;;;0;H;20170102
V;10369661000142;18459628008795;7892058104082;;;0;H;20170103
V;10369661000142;18459628008795;7892058109100;;;0;H;20161230
V;10369661000142;18459628008795;7892058109100;;;0;H;20161231
V;10369661000142;18459628008795;7892058109100;;;0;H;20170101
V;10369661000142;18459628008795;7892058109100;;;0;H;20170102
V;10369661000142;18459628008795;7892058109100;;;0;H;20170103
V;10369661000142;18459628008795;7892058115453;;;0;H;20161230
V;10369661000142;18459628008795;7892058115453;;;0;H;20161231
V;10369661000142;18459628008795;7892058115453;;;0;H;20170101
V;10369661000142;18459628008795;7892058115453;;;0;H;20170102
V;10369661000142;18459628008795;7892058115453;;;0;H;20170103
V;10369661000142;18459628008795;7892058111608;;;0;H;20161230
V;10369661000142;18459628008795;7892058111608;;;0;H;20161231
V;10369661000142;18459628008795;7892058111608;;;0;H;20170101
V;10369661000142;18459628008795;7892058111608;;;0;H;20170102
V;10369661000142;18459628008795;7892058111608;;;0;H;20170103
V;10369661000142;18459628008795;7892058109155;;;0;H;20161230
V;10369661000142;18459628008795;7892058109155;;;0;H;20161231
V;10369661000142;18459628008795;7892058109155;;;0;H;20170101
V;10369661000142;18459628008795;7892058109155;;;0;H;20170102
V;10369661000142;18459628008795;7892058109155;;;0;H;20170103
V;10369661000142;64858525000226;81;;;1048;H;20161230
V;10369661000142;64858525000226;81;;;1048;H;20161231
V;10369661000142;64858525000226;81;;;1048;H;20170101
V;10369661000142;64858525000226;81;;;1048;H;20170102
V;10369661000142;64858525000226;81;;;1048;H;20170103
V;10369661000142;64858525000226;82;;;78;H;20161230
V;10369661000142;64858525000226;82;;;78;H;20161231
V;10369661000142;64858525000226;82;;;78;H;20170101
V;10369661000142;64858525000226;82;;;78;H;20170102
V;10369661000142;64858525000226;82;;;78;H;20170103
V;10369661000142;64858525000226;83;;;97;H;20161230
V;10369661000142;64858525000226;83;;;97;H;20161231
V;10369661000142;64858525000226;83;;;97;H;20170101
V;10369661000142;64858525000226;83;;;97;H;20170102
V;10369661000142;64858525000226;83;;;97;H;20170103
V;10369661000142;64858525000226;84;;;0;H;20161230
V;10369661000142;64858525000226;84;;;0;H;20161231
V;10369661000142;64858525000226;84;;;0;H;20170101
V;10369661000142;64858525000226;84;;;0;H;20170102
V;10369661000142;64858525000226;84;;;0;H;20170103
V;10369661000142;64858525000226;85;;;0;H;20161230
V;10369661000142;64858525000226;85;;;0;H;20161231
V;10369661000142;64858525000226;85;;;0;H;20170101
V;10369661000142;64858525000226;85;;;0;H;20170102
V;10369661000142;64858525000226;85;;;0;H;20170103
V;10369661000142;64858525000226;86;;;0;H;20161230
V;10369661000142;64858525000226;86;;;0;H;20161231
V;10369661000142;64858525000226;86;;;0;H;20170101
V;10369661000142;64858525000226;86;;;0;H;20170102
V;10369661000142;64858525000226;86;;;0;H;20170103
V;10369661000142;07467822000126;87;;;2968;H;20161230
V;10369661000142;07467822000126;87;;;2968;H;20161231
V;10369661000142;07467822000126;87;;;2968;H;20170101
V;10369661000142;07467822000126;87;;;2968;H;20170102
V;10369661000142;07467822000126;87;;;2968;H;20170103
V;10369661000142;07467822000126;88;;;366;H;20161230
V;10369661000142;07467822000126;88;;;366;H;20161231
V;10369661000142;07467822000126;88;;;366;H;20170101
V;10369661000142;07467822000126;88;;;366;H;20170102
V;10369661000142;07467822000126;88;;;366;H;20170103
V;10369661000142;18459628008795;7892058114753;;;0;H;20161230
V;10369661000142;18459628008795;7892058114753;;;0;H;20161231
V;10369661000142;18459628008795;7892058114753;;;0;H;20170101
V;10369661000142;18459628008795;7892058114753;;;0;H;20170102
V;10369661000142;18459628008795;7892058114753;;;0;H;20170103
V;10369661000142;60744463001080;92;;;6;H;20161230
V;10369661000142;60744463001080;92;;;6;H;20161231
V;10369661000142;60744463001080;92;;;6;H;20170101
V;10369661000142;60744463001080;92;;;6;H;20170102
V;10369661000142;60744463001080;92;;;6;H;20170103
V;10369661000142;07467822000126;93;;;802;H;20161230
V;10369661000142;07467822000126;93;;;802;H;20161231
V;10369661000142;07467822000126;93;;;802;H;20170101
V;10369661000142;07467822000126;93;;;802;H;20170102
V;10369661000142;07467822000126;93;;;802;H;20170103
V;10369661000142;07467822000126;94;;;0;H;20161230
V;10369661000142;07467822000126;94;;;0;H;20161231
V;10369661000142;07467822000126;94;;;0;H;20170101
V;10369661000142;07467822000126;94;;;0;H;20170102
V;10369661000142;07467822000126;94;;;0;H;20170103
V;10369661000142;18459628008795;7892058110588;;;5;H;20161230
V;10369661000142;18459628008795;7892058110588;;;5;H;20161231
V;10369661000142;18459628008795;7892058110588;;;5;H;20170101
V;10369661000142;18459628008795;7892058110588;;;5;H;20170102
V;10369661000142;18459628008795;7892058110588;;;5;H;20170103
V;10369661000142;67148692000190;96;;;3;H;20161230
V;10369661000142;67148692000190;96;;;3;H;20161231
V;10369661000142;67148692000190;96;;;3;H;20170101
V;10369661000142;67148692000190;96;;;3;H;20170102
V;10369661000142;67148692000190;96;;;3;H;20170103
V;10369661000142;67148692000190;97;;;1;H;20161230
V;10369661000142;67148692000190;97;;;1;H;20161231
V;10369661000142;67148692000190;97;;;1;H;20170101
V;10369661000142;67148692000190;97;;;1;H;20170102
V;10369661000142;67148692000190;97;;;1;H;20170103
V;10369661000142;67148692000190;98;;;0;H;20161230
V;10369661000142;67148692000190;98;;;0;H;20161231
V;10369661000142;67148692000190;98;;;0;H;20170101
V;10369661000142;67148692000190;98;;;0;H;20170102
V;10369661000142;67148692000190;98;;;0;H;20170103
V;10369661000142;67148692000190;99;;;0;H;20161230
V;10369661000142;67148692000190;99;;;0;H;20161231
V;10369661000142;67148692000190;99;;;0;H;20170101
V;10369661000142;67148692000190;99;;;0;H;20170102
V;10369661000142;67148692000190;99;;;0;H;20170103
V;10369661000142;47180625002190;100;;;0;H;20161230
V;10369661000142;47180625002190;100;;;0;H;20161231
V;10369661000142;47180625002190;100;;;0;H;20170101
V;10369661000142;47180625002190;100;;;0;H;20170102
V;10369661000142;47180625002190;100;;;0;H;20170103
V;10369661000142;18459628008795;7892058107489;;;0;H;20161230
V;10369661000142;18459628008795;7892058107489;;;0;H;20161231
V;10369661000142;18459628008795;7892058107489;;;0;H;20170101
V;10369661000142;18459628008795;7892058107489;;;0;H;20170102
V;10369661000142;18459628008795;7892058107489;;;0;H;20170103
V;10369661000142;47180625002190;102;;;0;H;20161230
V;10369661000142;47180625002190;102;;;0;H;20161231
V;10369661000142;47180625002190;102;;;0;H;20170101
V;10369661000142;47180625002190;102;;;0;H;20170102
V;10369661000142;47180625002190;102;;;0;H;20170103
V;10369661000142;47180625002190;103;;;69;H;20161230
V;10369661000142;47180625002190;103;;;69;H;20161231
V;10369661000142;47180625002190;103;;;69;H;20170101
V;10369661000142;47180625002190;103;;;69;H;20170102
V;10369661000142;47180625002190;103;;;69;H;20170103
V;10369661000142;47180625002190;104;;;45;H;20161230
V;10369661000142;47180625002190;104;;;45;H;20161231
V;10369661000142;47180625002190;104;;;45;H;20170101
V;10369661000142;47180625002190;104;;;45;H;20170102
V;10369661000142;47180625002190;104;;;45;H;20170103
V;10369661000142;42462952000177;105;;;0;H;20161230
V;10369661000142;42462952000177;105;;;0;H;20161231
V;10369661000142;42462952000177;105;;;0;H;20170101
V;10369661000142;42462952000177;105;;;0;H;20170102
V;10369661000142;42462952000177;105;;;0;H;20170103
V;10369661000142;47180625002190;106;;;0;H;20161230
V;10369661000142;47180625002190;106;;;0;H;20161231
V;10369661000142;47180625002190;106;;;0;H;20170101
V;10369661000142;47180625002190;106;;;0;H;20170102
V;10369661000142;47180625002190;106;;;0;H;20170103
V;10369661000142;47180625002190;107;;;0;H;20161230
V;10369661000142;47180625002190;107;;;0;H;20161231
V;10369661000142;47180625002190;107;;;0;H;20170101
V;10369661000142;47180625002190;107;;;0;H;20170102
V;10369661000142;47180625002190;107;;;0;H;20170103
V;10369661000142;47180625002190;108;;;1;H;20161230
V;10369661000142;47180625002190;108;;;1;H;20161231
V;10369661000142;47180625002190;108;;;1;H;20170101
V;10369661000142;47180625002190;108;;;1;H;20170102
V;10369661000142;47180625002190;108;;;1;H;20170103
V;10369661000142;08789294000194;109;;;0;H;20161230
V;10369661000142;08789294000194;109;;;0;H;20161231
V;10369661000142;08789294000194;109;;;0;H;20170101
V;10369661000142;08789294000194;109;;;0;H;20170102
V;10369661000142;08789294000194;109;;;0;H;20170103
V;10369661000142;47180625002190;110;;;39;H;20161230
V;10369661000142;47180625002190;110;;;39;H;20161231
V;10369661000142;47180625002190;110;;;39;H;20170101
V;10369661000142;47180625002190;110;;;39;H;20170102
V;10369661000142;47180625002190;110;;;39;H;20170103
V;10369661000142;47180625002190;111;;;4;H;20161230
V;10369661000142;47180625002190;111;;;4;H;20161231
V;10369661000142;47180625002190;111;;;4;H;20170101
V;10369661000142;47180625002190;111;;;4;H;20170102
V;10369661000142;47180625002190;111;;;4;H;20170103
V;10369661000142;47180625002190;112;;;0;H;20161230
V;10369661000142;47180625002190;112;;;0;H;20161231
V;10369661000142;47180625002190;112;;;0;H;20170101
V;10369661000142;47180625002190;112;;;0;H;20170102
V;10369661000142;47180625002190;112;;;0;H;20170103
V;10369661000142;60744463001080;113;;;99;H;20161230
V;10369661000142;60744463001080;113;;;99;H;20161231
V;10369661000142;60744463001080;113;;;99;H;20170101
V;10369661000142;60744463001080;113;;;99;H;20170102
V;10369661000142;60744463001080;113;;;99;H;20170103
V;10369661000142;60744463001080;114;;;2;H;20161230
V;10369661000142;60744463001080;114;;;2;H;20161231
V;10369661000142;60744463001080;114;;;2;H;20170101
V;10369661000142;60744463001080;114;;;2;H;20170102
V;10369661000142;60744463001080;114;;;2;H;20170103
V;10369661000142;08855199000303;115;;;131;H;20161230
V;10369661000142;08855199000303;115;;;131;H;20161231
V;10369661000142;08855199000303;115;;;131;H;20170101
V;10369661000142;08855199000303;115;;;131;H;20170102
V;10369661000142;08855199000303;115;;;131;H;20170103
V;10369661000142;47180625002190;116;;;0;H;20161230
V;10369661000142;47180625002190;116;;;0;H;20161231
V;10369661000142;47180625002190;116;;;0;H;20170101
V;10369661000142;47180625002190;116;;;0;H;20170102
V;10369661000142;47180625002190;116;;;0;H;20170103
V;10369661000142;07467822000126;117;;;202;H;20161230
V;10369661000142;07467822000126;117;;;202;H;20161231
V;10369661000142;07467822000126;117;;;202;H;20170101
V;10369661000142;07467822000126;117;;;202;H;20170102
V;10369661000142;07467822000126;117;;;202;H;20170103
V;10369661000142;47180625002190;118;;;121;H;20161230
V;10369661000142;47180625002190;118;;;121;H;20161231
V;10369661000142;47180625002190;118;;;121;H;20170101
V;10369661000142;47180625002190;118;;;121;H;20170102
V;10369661000142;47180625002190;118;;;121;H;20170103
V;10369661000142;47180625002190;120;;;3;H;20161230
V;10369661000142;47180625002190;120;;;3;H;20161231
V;10369661000142;47180625002190;120;;;3;H;20170101
V;10369661000142;47180625002190;120;;;3;H;20170102
V;10369661000142;47180625002190;120;;;3;H;20170103
V;10369661000142;47180625002190;121;;;0;H;20161230
V;10369661000142;47180625002190;121;;;0;H;20161231
V;10369661000142;47180625002190;121;;;0;H;20170101
V;10369661000142;47180625002190;121;;;0;H;20170102
V;10369661000142;47180625002190;121;;;0;H;20170103
V;10369661000142;47180625002190;122;;;22;H;20161230
V;10369661000142;47180625002190;122;;;22;H;20161231
V;10369661000142;47180625002190;122;;;22;H;20170101
V;10369661000142;47180625002190;122;;;22;H;20170102
V;10369661000142;47180625002190;122;;;22;H;20170103
V;10369661000142;47180625002190;123;;;0;H;20161230
V;10369661000142;47180625002190;123;;;0;H;20161231
V;10369661000142;47180625002190;123;;;0;H;20170101
V;10369661000142;47180625002190;123;;;0;H;20170102
V;10369661000142;47180625002190;123;;;0;H;20170103
V;10369661000142;47180625002190;124;;;0;H;20161230
V;10369661000142;47180625002190;124;;;0;H;20161231
V;10369661000142;47180625002190;124;;;0;H;20170101
V;10369661000142;47180625002190;124;;;0;H;20170102
V;10369661000142;47180625002190;124;;;0;H;20170103
V;10369661000142;47180625002190;125;;;0;H;20161230
V;10369661000142;47180625002190;125;;;0;H;20161231
V;10369661000142;47180625002190;125;;;0;H;20170101
V;10369661000142;47180625002190;125;;;0;H;20170102
V;10369661000142;47180625002190;125;;;0;H;20170103
V;10369661000142;47180625002190;126;;;0;H;20161230
V;10369661000142;47180625002190;126;;;0;H;20161231
V;10369661000142;47180625002190;126;;;0;H;20170101
V;10369661000142;47180625002190;126;;;0;H;20170102
V;10369661000142;47180625002190;126;;;0;H;20170103
V;10369661000142;47180625002190;127;;;0;H;20161230
V;10369661000142;47180625002190;127;;;0;H;20161231
V;10369661000142;47180625002190;127;;;0;H;20170101
V;10369661000142;47180625002190;127;;;0;H;20170102
V;10369661000142;47180625002190;127;;;0;H;20170103
V;10369661000142;47180625002190;128;;;20;H;20161230
V;10369661000142;47180625002190;128;;;20;H;20161231
V;10369661000142;47180625002190;128;;;20;H;20170101
V;10369661000142;47180625002190;128;;;20;H;20170102
V;10369661000142;47180625002190;128;;;20;H;20170103
V;10369661000142;47180625002190;129;;;0;H;20161230
V;10369661000142;47180625002190;129;;;0;H;20161231
V;10369661000142;47180625002190;129;;;0;H;20170101
V;10369661000142;47180625002190;129;;;0;H;20170102
V;10369661000142;47180625002190;129;;;0;H;20170103
V;10369661000142;47180625002190;130;;;1;H;20161230
V;10369661000142;47180625002190;130;;;1;H;20161231
V;10369661000142;47180625002190;130;;;1;H;20170101
V;10369661000142;47180625002190;130;;;1;H;20170102
V;10369661000142;47180625002190;130;;;1;H;20170103
V;10369661000142;47180625002190;131;;;1451;H;20161230
V;10369661000142;47180625002190;131;;;1451;H;20161231
V;10369661000142;47180625002190;131;;;1451;H;20170101
V;10369661000142;47180625002190;131;;;1451;H;20170102
V;10369661000142;47180625002190;131;;;1451;H;20170103
V;10369661000142;47180625002190;132;;;0;H;20161230
V;10369661000142;47180625002190;132;;;0;H;20161231
V;10369661000142;47180625002190;132;;;0;H;20170101
V;10369661000142;47180625002190;132;;;0;H;20170102
V;10369661000142;47180625002190;132;;;0;H;20170103
V;10369661000142;03237990000174;145;;;8;H;20161230
V;10369661000142;03237990000174;145;;;8;H;20161231
V;10369661000142;03237990000174;145;;;8;H;20170101
V;10369661000142;03237990000174;145;;;8;H;20170102
V;10369661000142;03237990000174;145;;;8;H;20170103
V;10369661000142;03237990000174;146;;;2;H;20161230
V;10369661000142;03237990000174;146;;;2;H;20161231
V;10369661000142;03237990000174;146;;;2;H;20170101
V;10369661000142;03237990000174;146;;;2;H;20170102
V;10369661000142;03237990000174;146;;;2;H;20170103
V;10369661000142;03237990000174;171;;;57;H;20161230
V;10369661000142;03237990000174;171;;;57;H;20161231
V;10369661000142;03237990000174;171;;;57;H;20170101
V;10369661000142;03237990000174;171;;;57;H;20170102
V;10369661000142;03237990000174;171;;;57;H;20170103
V;10369661000142;07467822000126;172;;;0;H;20161230
V;10369661000142;07467822000126;172;;;0;H;20161231
V;10369661000142;07467822000126;172;;;0;H;20170101
V;10369661000142;07467822000126;172;;;0;H;20170102
V;10369661000142;07467822000126;172;;;0;H;20170103
V;10369661000142;07467822000126;173;;;0;H;20161230
V;10369661000142;07467822000126;173;;;0;H;20161231
V;10369661000142;07467822000126;173;;;0;H;20170101
V;10369661000142;07467822000126;173;;;0;H;20170102
V;10369661000142;07467822000126;173;;;0;H;20170103
V;10369661000142;07467822000126;174;;;108;H;20161230
V;10369661000142;07467822000126;174;;;108;H;20161231
V;10369661000142;07467822000126;174;;;108;H;20170101
V;10369661000142;07467822000126;174;;;108;H;20170102
V;10369661000142;07467822000126;174;;;108;H;20170103
V;10369661000142;07467822000126;175;;;0;H;20161230
V;10369661000142;07467822000126;175;;;0;H;20161231
V;10369661000142;07467822000126;175;;;0;H;20170101
V;10369661000142;07467822000126;175;;;0;H;20170102
V;10369661000142;07467822000126;175;;;0;H;20170103
V;10369661000142;07467822000126;176;;;0;H;20161230
V;10369661000142;07467822000126;176;;;0;H;20161231
V;10369661000142;07467822000126;176;;;0;H;20170101
V;10369661000142;07467822000126;176;;;0;H;20170102
V;10369661000142;07467822000126;176;;;0;H;20170103
V;10369661000142;07467822000126;177;;;1;H;20161230
V;10369661000142;07467822000126;177;;;1;H;20161231
V;10369661000142;07467822000126;177;;;1;H;20170101
V;10369661000142;07467822000126;177;;;1;H;20170102
V;10369661000142;07467822000126;177;;;1;H;20170103
V;10369661000142;07467822000126;178;;;0;H;20161230
V;10369661000142;07467822000126;178;;;0;H;20161231
V;10369661000142;07467822000126;178;;;0;H;20170101
V;10369661000142;07467822000126;178;;;0;H;20170102
V;10369661000142;07467822000126;178;;;0;H;20170103
V;10369661000142;07467822000126;179;;;0;H;20161230
V;10369661000142;07467822000126;179;;;0;H;20161231
V;10369661000142;07467822000126;179;;;0;H;20170101
V;10369661000142;07467822000126;179;;;0;H;20170102
V;10369661000142;07467822000126;179;;;0;H;20170103
V;10369661000142;07467822000126;180;;;25;H;20161230
V;10369661000142;07467822000126;180;;;25;H;20161231
V;10369661000142;07467822000126;180;;;25;H;20170101
V;10369661000142;07467822000126;180;;;25;H;20170102
V;10369661000142;07467822000126;180;;;25;H;20170103
V;10369661000142;07467822000126;181;;;0;H;20161230
V;10369661000142;07467822000126;181;;;0;H;20161231
V;10369661000142;07467822000126;181;;;0;H;20170101
V;10369661000142;07467822000126;181;;;0;H;20170102
V;10369661000142;07467822000126;181;;;0;H;20170103
V;10369661000142;07467822000126;182;;;0;H;20161230
V;10369661000142;07467822000126;182;;;0;H;20161231
V;10369661000142;07467822000126;182;;;0;H;20170101
V;10369661000142;07467822000126;182;;;0;H;20170102
V;10369661000142;07467822000126;182;;;0;H;20170103
V;10369661000142;07467822000126;183;;;293;H;20161230
V;10369661000142;07467822000126;183;;;293;H;20161231
V;10369661000142;07467822000126;183;;;293;H;20170101
V;10369661000142;07467822000126;183;;;293;H;20170102
V;10369661000142;07467822000126;183;;;293;H;20170103
V;10369661000142;07467822000126;185;;;2;H;20161230
V;10369661000142;07467822000126;185;;;2;H;20161231
V;10369661000142;07467822000126;185;;;2;H;20170101
V;10369661000142;07467822000126;185;;;2;H;20170102
V;10369661000142;07467822000126;185;;;2;H;20170103
V;10369661000142;07467822000126;186;;;0;H;20161230
V;10369661000142;07467822000126;186;;;0;H;20161231
V;10369661000142;07467822000126;186;;;0;H;20170101
V;10369661000142;07467822000126;186;;;0;H;20170102
V;10369661000142;07467822000126;186;;;0;H;20170103
V;10369661000142;07467822000126;188;;;0;H;20161230
V;10369661000142;07467822000126;188;;;0;H;20161231
V;10369661000142;07467822000126;188;;;0;H;20170101
V;10369661000142;07467822000126;188;;;0;H;20170102
V;10369661000142;07467822000126;188;;;0;H;20170103
V;10369661000142;07467822000126;189;;;4;H;20161230
V;10369661000142;07467822000126;189;;;4;H;20161231
V;10369661000142;07467822000126;189;;;4;H;20170101
V;10369661000142;07467822000126;189;;;4;H;20170102
V;10369661000142;07467822000126;189;;;4;H;20170103
V;10369661000142;07467822000126;190;;;0;H;20161230
V;10369661000142;07467822000126;190;;;0;H;20161231
V;10369661000142;07467822000126;190;;;0;H;20170101
V;10369661000142;07467822000126;190;;;0;H;20170102
V;10369661000142;07467822000126;190;;;0;H;20170103
V;10369661000142;07467822000126;191;;;0;H;20161230
V;10369661000142;07467822000126;191;;;0;H;20161231
V;10369661000142;07467822000126;191;;;0;H;20170101
V;10369661000142;07467822000126;191;;;0;H;20170102
V;10369661000142;07467822000126;191;;;0;H;20170103
V;10369661000142;07467822000126;193;;;0;H;20161230
V;10369661000142;07467822000126;193;;;0;H;20161231
V;10369661000142;07467822000126;193;;;0;H;20170101
V;10369661000142;07467822000126;193;;;0;H;20170102
V;10369661000142;07467822000126;193;;;0;H;20170103
V;10369661000142;07467822000126;194;;;2;H;20161230
V;10369661000142;07467822000126;194;;;2;H;20161231
V;10369661000142;07467822000126;194;;;2;H;20170101
V;10369661000142;07467822000126;194;;;2;H;20170102
V;10369661000142;07467822000126;194;;;2;H;20170103
V;10369661000142;07467822000126;195;;;0;H;20161230
V;10369661000142;07467822000126;195;;;0;H;20161231
V;10369661000142;07467822000126;195;;;0;H;20170101
V;10369661000142;07467822000126;195;;;0;H;20170102
V;10369661000142;07467822000126;195;;;0;H;20170103
V;10369661000142;07467822000126;196;;;1;H;20161230
V;10369661000142;07467822000126;196;;;1;H;20161231
V;10369661000142;07467822000126;196;;;1;H;20170101
V;10369661000142;07467822000126;196;;;1;H;20170102
V;10369661000142;07467822000126;196;;;1;H;20170103
V;10369661000142;07467822000126;197;;;0;H;20161230
V;10369661000142;07467822000126;197;;;0;H;20161231
V;10369661000142;07467822000126;197;;;0;H;20170101
V;10369661000142;07467822000126;197;;;0;H;20170102
V;10369661000142;07467822000126;197;;;0;H;20170103
V;10369661000142;07467822000126;198;;;255;H;20161230
V;10369661000142;07467822000126;198;;;255;H;20161231
V;10369661000142;07467822000126;198;;;255;H;20170101
V;10369661000142;07467822000126;198;;;255;H;20170102
V;10369661000142;07467822000126;198;;;255;H;20170103
V;10369661000142;07467822000126;199;;;475;H;20161230
V;10369661000142;07467822000126;199;;;475;H;20161231
V;10369661000142;07467822000126;199;;;475;H;20170101
V;10369661000142;07467822000126;199;;;475;H;20170102
V;10369661000142;07467822000126;199;;;475;H;20170103
V;10369661000142;60744463001080;200;;;15;H;20161230
V;10369661000142;60744463001080;200;;;15;H;20161231
V;10369661000142;60744463001080;200;;;15;H;20170101
V;10369661000142;60744463001080;200;;;15;H;20170102
V;10369661000142;60744463001080;200;;;15;H;20170103
V;10369661000142;60744463001080;201;;;8;H;20161230
V;10369661000142;60744463001080;201;;;8;H;20161231
V;10369661000142;60744463001080;201;;;8;H;20170101
V;10369661000142;60744463001080;201;;;8;H;20170102
V;10369661000142;60744463001080;201;;;8;H;20170103
V;10369661000142;60744463001080;202;;;92;H;20161230
V;10369661000142;60744463001080;202;;;92;H;20161231
V;10369661000142;60744463001080;202;;;92;H;20170101
V;10369661000142;60744463001080;202;;;92;H;20170102
V;10369661000142;60744463001080;202;;;92;H;20170103
V;10369661000142;60744463001080;203;;;0;H;20161230
V;10369661000142;60744463001080;203;;;0;H;20161231
V;10369661000142;60744463001080;203;;;0;H;20170101
V;10369661000142;60744463001080;203;;;0;H;20170102
V;10369661000142;60744463001080;203;;;0;H;20170103
V;10369661000142;60744463001080;204;;;0;H;20161230
V;10369661000142;60744463001080;204;;;0;H;20161231
V;10369661000142;60744463001080;204;;;0;H;20170101
V;10369661000142;60744463001080;204;;;0;H;20170102
V;10369661000142;60744463001080;204;;;0;H;20170103
V;10369661000142;60744463001080;205;;;6;H;20161230
V;10369661000142;60744463001080;205;;;6;H;20161231
V;10369661000142;60744463001080;205;;;6;H;20170101
V;10369661000142;60744463001080;205;;;6;H;20170102
V;10369661000142;60744463001080;205;;;6;H;20170103
V;10369661000142;60744463001080;206;;;223;H;20161230
V;10369661000142;60744463001080;206;;;223;H;20161231
V;10369661000142;60744463001080;206;;;223;H;20170101
V;10369661000142;60744463001080;206;;;223;H;20170102
V;10369661000142;60744463001080;206;;;223;H;20170103
V;10369661000142;60744463001080;207;;;0;H;20161230
V;10369661000142;60744463001080;207;;;0;H;20161231
V;10369661000142;60744463001080;207;;;0;H;20170101
V;10369661000142;60744463001080;207;;;0;H;20170102
V;10369661000142;60744463001080;207;;;0;H;20170103
V;10369661000142;60744463001080;208;;;13;H;20161230
V;10369661000142;60744463001080;208;;;13;H;20161231
V;10369661000142;60744463001080;208;;;13;H;20170101
V;10369661000142;60744463001080;208;;;13;H;20170102
V;10369661000142;60744463001080;208;;;13;H;20170103
V;10369661000142;60744463001080;209;;;29;H;20161230
V;10369661000142;60744463001080;209;;;29;H;20161231
V;10369661000142;60744463001080;209;;;29;H;20170101
V;10369661000142;60744463001080;209;;;29;H;20170102
V;10369661000142;60744463001080;209;;;29;H;20170103
V;10369661000142;60744463001080;210;;;0;H;20161230
V;10369661000142;60744463001080;210;;;0;H;20161231
V;10369661000142;60744463001080;210;;;0;H;20170101
V;10369661000142;60744463001080;210;;;0;H;20170102
V;10369661000142;60744463001080;210;;;0;H;20170103
V;10369661000142;60744463001080;211;;;0;H;20161230
V;10369661000142;60744463001080;211;;;0;H;20161231
V;10369661000142;60744463001080;211;;;0;H;20170101
V;10369661000142;60744463001080;211;;;0;H;20170102
V;10369661000142;60744463001080;211;;;0;H;20170103
V;10369661000142;23361306001060;212;;;36;H;20161230
V;10369661000142;23361306001060;212;;;36;H;20161231
V;10369661000142;23361306001060;212;;;36;H;20170101
V;10369661000142;23361306001060;212;;;36;H;20170102
V;10369661000142;23361306001060;212;;;36;H;20170103
V;10369661000142;23361306001060;213;;;0;H;20161230
V;10369661000142;23361306001060;213;;;0;H;20161231
V;10369661000142;23361306001060;213;;;0;H;20170101
V;10369661000142;23361306001060;213;;;0;H;20170102
V;10369661000142;23361306001060;213;;;0;H;20170103
V;10369661000142;23361306001060;214;;;0;H;20161230
V;10369661000142;23361306001060;214;;;0;H;20161231
V;10369661000142;23361306001060;214;;;0;H;20170101
V;10369661000142;23361306001060;214;;;0;H;20170102
V;10369661000142;23361306001060;214;;;0;H;20170103
V;10369661000142;02290510000176;250;;;1;H;20161230
V;10369661000142;02290510000176;250;;;1;H;20161231
V;10369661000142;02290510000176;250;;;1;H;20170101
V;10369661000142;02290510000176;250;;;1;H;20170102
V;10369661000142;02290510000176;250;;;1;H;20170103
V;10369661000142;02290510000176;251;;;0;H;20161230
V;10369661000142;02290510000176;251;;;0;H;20161231
V;10369661000142;02290510000176;251;;;0;H;20170101
V;10369661000142;02290510000176;251;;;0;H;20170102
V;10369661000142;02290510000176;251;;;0;H;20170103
V;10369661000142;02290510000176;252;;;26;H;20161230
V;10369661000142;02290510000176;252;;;26;H;20161231
V;10369661000142;02290510000176;252;;;26;H;20170101
V;10369661000142;02290510000176;252;;;26;H;20170102
V;10369661000142;02290510000176;252;;;26;H;20170103
V;10369661000142;02290510000176;253;;;0;H;20161230
V;10369661000142;02290510000176;253;;;0;H;20161231
V;10369661000142;02290510000176;253;;;0;H;20170101
V;10369661000142;02290510000176;253;;;0;H;20170102
V;10369661000142;02290510000176;253;;;0;H;20170103
V;10369661000142;02290510000176;254;;;0;H;20161230
V;10369661000142;02290510000176;254;;;0;H;20161231
V;10369661000142;02290510000176;254;;;0;H;20170101
V;10369661000142;02290510000176;254;;;0;H;20170102
V;10369661000142;02290510000176;254;;;0;H;20170103
V;10369661000142;02290510000176;255;;;12;H;20161230
V;10369661000142;02290510000176;255;;;12;H;20161231
V;10369661000142;02290510000176;255;;;12;H;20170101
V;10369661000142;02290510000176;255;;;12;H;20170102
V;10369661000142;02290510000176;255;;;12;H;20170103
V;10369661000142;02290510000176;256;;;0;H;20161230
V;10369661000142;02290510000176;256;;;0;H;20161231
V;10369661000142;02290510000176;256;;;0;H;20170101
V;10369661000142;02290510000176;256;;;0;H;20170102
V;10369661000142;02290510000176;256;;;0;H;20170103
V;10369661000142;02290510000176;257;;;0;H;20161230
V;10369661000142;02290510000176;257;;;0;H;20161231
V;10369661000142;02290510000176;257;;;0;H;20170101
V;10369661000142;02290510000176;257;;;0;H;20170102
V;10369661000142;02290510000176;257;;;0;H;20170103
V;10369661000142;02290510000176;258;;;2;H;20161230
V;10369661000142;02290510000176;258;;;2;H;20161231
V;10369661000142;02290510000176;258;;;2;H;20170101
V;10369661000142;02290510000176;258;;;2;H;20170102
V;10369661000142;02290510000176;258;;;2;H;20170103
V;10369661000142;02290510000176;259;;;18;H;20161230
V;10369661000142;02290510000176;259;;;18;H;20161231
V;10369661000142;02290510000176;259;;;18;H;20170101
V;10369661000142;02290510000176;259;;;18;H;20170102
V;10369661000142;02290510000176;259;;;18;H;20170103
V;10369661000142;02290510000176;260;;;0;H;20161230
V;10369661000142;02290510000176;260;;;0;H;20161231
V;10369661000142;02290510000176;260;;;0;H;20170101
V;10369661000142;02290510000176;260;;;0;H;20170102
V;10369661000142;02290510000176;260;;;0;H;20170103
V;10369661000142;02290510000176;261;;;0;H;20161230
V;10369661000142;02290510000176;261;;;0;H;20161231
V;10369661000142;02290510000176;261;;;0;H;20170101
V;10369661000142;02290510000176;261;;;0;H;20170102
V;10369661000142;02290510000176;261;;;0;H;20170103
V;10369661000142;61142550000130;262;;;0;H;20161230
V;10369661000142;61142550000130;262;;;0;H;20161231
V;10369661000142;61142550000130;262;;;0;H;20170101
V;10369661000142;61142550000130;262;;;0;H;20170102
V;10369661000142;61142550000130;262;;;0;H;20170103
V;10369661000142;61142550000130;263;;;0;H;20161230
V;10369661000142;61142550000130;263;;;0;H;20161231
V;10369661000142;61142550000130;263;;;0;H;20170101
V;10369661000142;61142550000130;263;;;0;H;20170102
V;10369661000142;61142550000130;263;;;0;H;20170103
V;10369661000142;61142550000130;264;;;0;H;20161230
V;10369661000142;61142550000130;264;;;0;H;20161231
V;10369661000142;61142550000130;264;;;0;H;20170101
V;10369661000142;61142550000130;264;;;0;H;20170102
V;10369661000142;61142550000130;264;;;0;H;20170103
V;10369661000142;61142550000130;265;;;15;H;20161230
V;10369661000142;61142550000130;265;;;15;H;20161231
V;10369661000142;61142550000130;265;;;15;H;20170101
V;10369661000142;61142550000130;265;;;15;H;20170102
V;10369661000142;61142550000130;265;;;15;H;20170103
V;10369661000142;61142550000130;266;;;0;H;20161230
V;10369661000142;61142550000130;266;;;0;H;20161231
V;10369661000142;61142550000130;266;;;0;H;20170101
V;10369661000142;61142550000130;266;;;0;H;20170102
V;10369661000142;61142550000130;266;;;0;H;20170103
V;10369661000142;61142550000130;267;;;162;H;20161230
V;10369661000142;61142550000130;267;;;162;H;20161231
V;10369661000142;61142550000130;267;;;162;H;20170101
V;10369661000142;61142550000130;267;;;162;H;20170102
V;10369661000142;61142550000130;267;;;162;H;20170103
V;10369661000142;58133703000178;268;;;0;H;20161230
V;10369661000142;58133703000178;268;;;0;H;20161231
V;10369661000142;58133703000178;268;;;0;H;20170101
V;10369661000142;58133703000178;268;;;0;H;20170102
V;10369661000142;58133703000178;268;;;0;H;20170103
V;10369661000142;58133703000178;281;;;15;H;20161230
V;10369661000142;58133703000178;281;;;15;H;20161231
V;10369661000142;58133703000178;281;;;15;H;20170101
V;10369661000142;58133703000178;281;;;15;H;20170102
V;10369661000142;58133703000178;281;;;15;H;20170103
V;10369661000142;58133703000178;282;;;18;H;20161230
V;10369661000142;58133703000178;282;;;18;H;20161231
V;10369661000142;58133703000178;282;;;18;H;20170101
V;10369661000142;58133703000178;282;;;18;H;20170102
V;10369661000142;58133703000178;282;;;18;H;20170103
V;10369661000142;58133703000178;283;;;0;H;20161230
V;10369661000142;58133703000178;283;;;0;H;20161231
V;10369661000142;58133703000178;283;;;0;H;20170101
V;10369661000142;58133703000178;283;;;0;H;20170102
V;10369661000142;58133703000178;283;;;0;H;20170103
V;10369661000142;58133703000178;284;;;0;H;20161230
V;10369661000142;58133703000178;284;;;0;H;20161231
V;10369661000142;58133703000178;284;;;0;H;20170101
V;10369661000142;58133703000178;284;;;0;H;20170102
V;10369661000142;58133703000178;284;;;0;H;20170103
V;10369661000142;58133703000178;285;;;75;H;20161230
V;10369661000142;58133703000178;285;;;75;H;20161231
V;10369661000142;58133703000178;285;;;75;H;20170101
V;10369661000142;58133703000178;285;;;75;H;20170102
V;10369661000142;58133703000178;285;;;75;H;20170103
V;10369661000142;10369661000495;,;;;4;H;20161230
V;10369661000142;10369661000495;,;;;4;H;20161231
V;10369661000142;10369661000495;,;;;4;H;20170101
V;10369661000142;10369661000495;,;;;4;H;20170102
V;10369661000142;10369661000495;,;;;4;H;20170103
V;10369661000142;58133703000178;288;;;0;H;20161230
V;10369661000142;58133703000178;288;;;0;H;20161231
V;10369661000142;58133703000178;288;;;0;H;20170101
V;10369661000142;58133703000178;288;;;0;H;20170102
V;10369661000142;58133703000178;288;;;0;H;20170103
V;10369661000142;58133703000178;289;;;0;H;20161230
V;10369661000142;58133703000178;289;;;0;H;20161231
V;10369661000142;58133703000178;289;;;0;H;20170101
V;10369661000142;58133703000178;289;;;0;H;20170102
V;10369661000142;58133703000178;289;;;0;H;20170103
V;10369661000142;58133703000178;292;;;0;H;20161230
V;10369661000142;58133703000178;292;;;0;H;20161231
V;10369661000142;58133703000178;292;;;0;H;20170101
V;10369661000142;58133703000178;292;;;0;H;20170102
V;10369661000142;58133703000178;292;;;0;H;20170103
V;10369661000142;58133703000178;293;;;0;H;20161230
V;10369661000142;58133703000178;293;;;0;H;20161231
V;10369661000142;58133703000178;293;;;0;H;20170101
V;10369661000142;58133703000178;293;;;0;H;20170102
V;10369661000142;58133703000178;293;;;0;H;20170103
V;10369661000142;58133703000178;297;;;1;H;20161230
V;10369661000142;58133703000178;297;;;1;H;20161231
V;10369661000142;58133703000178;297;;;1;H;20170101
V;10369661000142;58133703000178;297;;;1;H;20170102
V;10369661000142;58133703000178;297;;;1;H;20170103
V;10369661000142;58133703000178;298;;;40;H;20161230
V;10369661000142;58133703000178;298;;;40;H;20161231
V;10369661000142;58133703000178;298;;;40;H;20170101
V;10369661000142;58133703000178;298;;;40;H;20170102
V;10369661000142;58133703000178;298;;;40;H;20170103
V;10369661000142;05480599002256;299;;;0;H;20161230
V;10369661000142;05480599002256;299;;;0;H;20161231
V;10369661000142;05480599002256;299;;;0;H;20170101
V;10369661000142;05480599002256;299;;;0;H;20170102
V;10369661000142;05480599002256;299;;;0;H;20170103
V;10369661000142;10894410000187;300;;;0;H;20161230
V;10369661000142;10894410000187;300;;;0;H;20161231
V;10369661000142;10894410000187;300;;;0;H;20170101
V;10369661000142;10894410000187;300;;;0;H;20170102
V;10369661000142;10894410000187;300;;;0;H;20170103
V;10369661000142;60744463001080;302;;;0;H;20161230
V;10369661000142;60744463001080;302;;;0;H;20161231
V;10369661000142;60744463001080;302;;;0;H;20170101
V;10369661000142;60744463001080;302;;;0;H;20170102
V;10369661000142;60744463001080;302;;;0;H;20170103
V;10369661000142;96832076000314;303;;;14;H;20161230
V;10369661000142;96832076000314;303;;;14;H;20161231
V;10369661000142;96832076000314;303;;;14;H;20170101
V;10369661000142;96832076000314;303;;;14;H;20170102
V;10369661000142;96832076000314;303;;;14;H;20170103
V;10369661000142;18459628002088;305;;;0;H;20161230
V;10369661000142;18459628002088;305;;;0;H;20161231
V;10369661000142;18459628002088;305;;;0;H;20170101
V;10369661000142;18459628002088;305;;;0;H;20170102
V;10369661000142;18459628002088;305;;;0;H;20170103
V;10369661000142;18459628002088;306;;;4;H;20161230
V;10369661000142;18459628002088;306;;;4;H;20161231
V;10369661000142;18459628002088;306;;;4;H;20170101
V;10369661000142;18459628002088;306;;;4;H;20170102
V;10369661000142;18459628002088;306;;;4;H;20170103
V;10369661000142;76719525000305;732;;;29;H;20161230
V;10369661000142;76719525000305;732;;;29;H;20161231
V;10369661000142;76719525000305;732;;;29;H;20170101
V;10369661000142;76719525000305;732;;;29;H;20170102
V;10369661000142;76719525000305;732;;;29;H;20170103
V;10369661000142;10369661000495;1094;;;0;H;20161230
V;10369661000142;10369661000495;1094;;;0;H;20161231
V;10369661000142;10369661000495;1094;;;0;H;20170101
V;10369661000142;10369661000495;1094;;;0;H;20170102
V;10369661000142;10369661000495;1094;;;0;H;20170103
V;10369661000142;47180625002190;TRUP;;;0;H;20161230
V;10369661000142;47180625002190;TRUP;;;0;H;20161231
V;10369661000142;47180625002190;TRUP;;;0;H;20170101
V;10369661000142;47180625002190;TRUP;;;0;H;20170102
V;10369661000142;47180625002190;TRUP;;;0;H;20170103
V;10369661000142;47180625002190;1503;;;3;H;20161230
V;10369661000142;47180625002190;1503;;;3;H;20161231
V;10369661000142;47180625002190;1503;;;3;H;20170101
V;10369661000142;47180625002190;1503;;;3;H;20170102
V;10369661000142;47180625002190;1503;;;3;H;20170103
V;10369661000142;60744463001080;1723;;;0;H;20161230
V;10369661000142;60744463001080;1723;;;0;H;20161231
V;10369661000142;60744463001080;1723;;;0;H;20170101
V;10369661000142;60744463001080;1723;;;0;H;20170102
V;10369661000142;60744463001080;1723;;;0;H;20170103
V;10369661000142;47180625002190;1724;;;0;H;20161230
V;10369661000142;47180625002190;1724;;;0;H;20161231
V;10369661000142;47180625002190;1724;;;0;H;20170101
V;10369661000142;47180625002190;1724;;;0;H;20170102
V;10369661000142;47180625002190;1724;;;0;H;20170103
V;10369661000142;23361306001060;1740;;;10;H;20161230
V;10369661000142;23361306001060;1740;;;10;H;20161231
V;10369661000142;23361306001060;1740;;;10;H;20170101
V;10369661000142;23361306001060;1740;;;10;H;20170102
V;10369661000142;23361306001060;1740;;;10;H;20170103
V;10369661000142;23361306001060;1741;;;3;H;20161230
V;10369661000142;23361306001060;1741;;;3;H;20161231
V;10369661000142;23361306001060;1741;;;3;H;20170101
V;10369661000142;23361306001060;1741;;;3;H;20170102
V;10369661000142;23361306001060;1741;;;3;H;20170103
V;10369661000142;23361306001060;1744;;;85;H;20161230
V;10369661000142;23361306001060;1744;;;85;H;20161231
V;10369661000142;23361306001060;1744;;;85;H;20170101
V;10369661000142;23361306001060;1744;;;85;H;20170102
V;10369661000142;23361306001060;1744;;;85;H;20170103
V;10369661000142;23361306001060;1745;;;0;H;20161230
V;10369661000142;23361306001060;1745;;;0;H;20161231
V;10369661000142;23361306001060;1745;;;0;H;20170101
V;10369661000142;23361306001060;1745;;;0;H;20170102
V;10369661000142;23361306001060;1745;;;0;H;20170103
V;10369661000142;42462952000177;1780;;;5;H;20161230
V;10369661000142;42462952000177;1780;;;5;H;20161231
V;10369661000142;42462952000177;1780;;;5;H;20170101
V;10369661000142;42462952000177;1780;;;5;H;20170102
V;10369661000142;42462952000177;1780;;;5;H;20170103
V;10369661000142;42462952000177;1781;;;1;H;20161230
V;10369661000142;42462952000177;1781;;;1;H;20161231
V;10369661000142;42462952000177;1781;;;1;H;20170101
V;10369661000142;42462952000177;1781;;;1;H;20170102
V;10369661000142;42462952000177;1781;;;1;H;20170103
V;10369661000142;18459628008795;7892058104310;;;8;H;20161230
V;10369661000142;18459628008795;7892058104310;;;8;H;20161231
V;10369661000142;18459628008795;7892058104310;;;8;H;20170101
V;10369661000142;18459628008795;7892058104310;;;8;H;20170102
V;10369661000142;18459628008795;7892058104310;;;8;H;20170103
V;10369661000142;03237990000174;1801;;;5;H;20161230
V;10369661000142;03237990000174;1801;;;5;H;20161231
V;10369661000142;03237990000174;1801;;;5;H;20170101
V;10369661000142;03237990000174;1801;;;5;H;20170102
V;10369661000142;03237990000174;1801;;;5;H;20170103
V;10369661000142;60744463001080;1804;;;23;H;20161230
V;10369661000142;60744463001080;1804;;;23;H;20161231
V;10369661000142;60744463001080;1804;;;23;H;20170101
V;10369661000142;60744463001080;1804;;;23;H;20170102
V;10369661000142;60744463001080;1804;;;23;H;20170103
V;10369661000142;60744463001080;1805;;;47;H;20161230
V;10369661000142;60744463001080;1805;;;47;H;20161231
V;10369661000142;60744463001080;1805;;;47;H;20170101
V;10369661000142;60744463001080;1805;;;47;H;20170102
V;10369661000142;60744463001080;1805;;;47;H;20170103
V;10369661000142;60744463001080;1806;;;9;H;20161230
V;10369661000142;60744463001080;1806;;;9;H;20161231
V;10369661000142;60744463001080;1806;;;9;H;20170101
V;10369661000142;60744463001080;1806;;;9;H;20170102
V;10369661000142;60744463001080;1806;;;9;H;20170103
V;10369661000142;08789294000194;1910;;;2;H;20161230
V;10369661000142;08789294000194;1910;;;2;H;20161231
V;10369661000142;08789294000194;1910;;;2;H;20170101
V;10369661000142;08789294000194;1910;;;2;H;20170102
V;10369661000142;08789294000194;1910;;;2;H;20170103
V;10369661000142;10369661000495;1915;;;20;H;20161230
V;10369661000142;10369661000495;1915;;;20;H;20161231
V;10369661000142;10369661000495;1915;;;20;H;20170101
V;10369661000142;10369661000495;1915;;;20;H;20170102
V;10369661000142;10369661000495;1915;;;20;H;20170103
V;10369661000142;08789294000194;1916;;;56;H;20161230
V;10369661000142;08789294000194;1916;;;56;H;20161231
V;10369661000142;08789294000194;1916;;;56;H;20170101
V;10369661000142;08789294000194;1916;;;56;H;20170102
V;10369661000142;08789294000194;1916;;;56;H;20170103
V;10369661000142;08789294000194;1917;;;20;H;20161230
V;10369661000142;08789294000194;1917;;;20;H;20161231
V;10369661000142;08789294000194;1917;;;20;H;20170101
V;10369661000142;08789294000194;1917;;;20;H;20170102
V;10369661000142;08789294000194;1917;;;20;H;20170103
V;10369661000142;47180625002190;1929;;;29;H;20161230
V;10369661000142;47180625002190;1929;;;29;H;20161231
V;10369661000142;47180625002190;1929;;;29;H;20170101
V;10369661000142;47180625002190;1929;;;29;H;20170102
V;10369661000142;47180625002190;1929;;;29;H;20170103
V;10369661000142;11977831000304;1983;;;0;H;20161230
V;10369661000142;11977831000304;1983;;;0;H;20161231
V;10369661000142;11977831000304;1983;;;0;H;20170101
V;10369661000142;11977831000304;1983;;;0;H;20170102
V;10369661000142;11977831000304;1983;;;0;H;20170103
V;10369661000142;07467822000126;2004;;;142;H;20161230
V;10369661000142;07467822000126;2004;;;142;H;20161231
V;10369661000142;07467822000126;2004;;;142;H;20170101
V;10369661000142;07467822000126;2004;;;142;H;20170102
V;10369661000142;07467822000126;2004;;;142;H;20170103
V;10369661000142;11977831000134;2008;;;1;H;20161230
V;10369661000142;11977831000134;2008;;;1;H;20161231
V;10369661000142;11977831000134;2008;;;1;H;20170101
V;10369661000142;11977831000134;2008;;;1;H;20170102
V;10369661000142;11977831000134;2008;;;1;H;20170103
V;10369661000142;10369661000495;2012;;;0;H;20161230
V;10369661000142;10369661000495;2012;;;0;H;20161231
V;10369661000142;10369661000495;2012;;;0;H;20170101
V;10369661000142;10369661000495;2012;;;0;H;20170102
V;10369661000142;10369661000495;2012;;;0;H;20170103
V;10369661000142;00187467000192;2014;;;10;H;20161230
V;10369661000142;00187467000192;2014;;;10;H;20161231
V;10369661000142;00187467000192;2014;;;10;H;20170101
V;10369661000142;00187467000192;2014;;;10;H;20170102
V;10369661000142;00187467000192;2014;;;10;H;20170103
V;10369661000142;05772606000401;2017;;;0;H;20161230
V;10369661000142;05772606000401;2017;;;0;H;20161231
V;10369661000142;05772606000401;2017;;;0;H;20170101
V;10369661000142;05772606000401;2017;;;0;H;20170102
V;10369661000142;05772606000401;2017;;;0;H;20170103
V;10369661000142;05772606000401;2018;;;0;H;20161230
V;10369661000142;05772606000401;2018;;;0;H;20161231
V;10369661000142;05772606000401;2018;;;0;H;20170101
V;10369661000142;05772606000401;2018;;;0;H;20170102
V;10369661000142;05772606000401;2018;;;0;H;20170103
V;10369661000142;05772606000401;2019;;;0;H;20161230
V;10369661000142;05772606000401;2019;;;0;H;20161231
V;10369661000142;05772606000401;2019;;;0;H;20170101
V;10369661000142;05772606000401;2019;;;0;H;20170102
V;10369661000142;05772606000401;2019;;;0;H;20170103
V;10369661000142;47180625002190;2023;;;0;H;20161230
V;10369661000142;47180625002190;2023;;;0;H;20161231
V;10369661000142;47180625002190;2023;;;0;H;20170101
V;10369661000142;47180625002190;2023;;;0;H;20170102
V;10369661000142;47180625002190;2023;;;0;H;20170103
V;10369661000142;47180625002190;2024;;;46;H;20161230
V;10369661000142;47180625002190;2024;;;46;H;20161231
V;10369661000142;47180625002190;2024;;;46;H;20170101
V;10369661000142;47180625002190;2024;;;46;H;20170102
V;10369661000142;47180625002190;2024;;;46;H;20170103
V;10369661000142;47180625002190;2025;;;0;H;20161230
V;10369661000142;47180625002190;2025;;;0;H;20161231
V;10369661000142;47180625002190;2025;;;0;H;20170101
V;10369661000142;47180625002190;2025;;;0;H;20170102
V;10369661000142;47180625002190;2025;;;0;H;20170103
V;10369661000142;61142550000130;2030;;;5;H;20161230
V;10369661000142;61142550000130;2030;;;5;H;20161231
V;10369661000142;61142550000130;2030;;;5;H;20170101
V;10369661000142;61142550000130;2030;;;5;H;20170102
V;10369661000142;61142550000130;2030;;;5;H;20170103
V;10369661000142;10369661000142;2048;;;0;H;20161230
V;10369661000142;10369661000142;2048;;;0;H;20161231
V;10369661000142;10369661000142;2048;;;0;H;20170101
V;10369661000142;10369661000142;2048;;;0;H;20170102
V;10369661000142;10369661000142;2048;;;0;H;20170103
V;10369661000142;05772606000401;2062;;;0;H;20161230
V;10369661000142;05772606000401;2062;;;0;H;20161231
V;10369661000142;05772606000401;2062;;;0;H;20170101
V;10369661000142;05772606000401;2062;;;0;H;20170102
V;10369661000142;05772606000401;2062;;;0;H;20170103
V;10369661000142;05772606000401;2063;;;0;H;20161230
V;10369661000142;05772606000401;2063;;;0;H;20161231
V;10369661000142;05772606000401;2063;;;0;H;20170101
V;10369661000142;05772606000401;2063;;;0;H;20170102
V;10369661000142;05772606000401;2063;;;0;H;20170103
V;10369661000142;10369661000142;2069;;;49;H;20161230
V;10369661000142;10369661000142;2069;;;49;H;20161231
V;10369661000142;10369661000142;2069;;;49;H;20170101
V;10369661000142;10369661000142;2069;;;49;H;20170102
V;10369661000142;10369661000142;2069;;;49;H;20170103
V;10369661000142;11977831000134;2072;;;0;H;20161230
V;10369661000142;11977831000134;2072;;;0;H;20161231
V;10369661000142;11977831000134;2072;;;0;H;20170101
V;10369661000142;11977831000134;2072;;;0;H;20170102
V;10369661000142;11977831000134;2072;;;0;H;20170103
V;10369661000142;07467822000711;2091;;;0;H;20161230
V;10369661000142;07467822000711;2091;;;0;H;20161231
V;10369661000142;07467822000711;2091;;;0;H;20170101
V;10369661000142;07467822000711;2091;;;0;H;20170102
V;10369661000142;07467822000711;2091;;;0;H;20170103
V;10369661000142;11977831000304;2112;;;0;H;20161230
V;10369661000142;11977831000304;2112;;;0;H;20161231
V;10369661000142;11977831000304;2112;;;0;H;20170101
V;10369661000142;11977831000304;2112;;;0;H;20170102
V;10369661000142;11977831000304;2112;;;0;H;20170103
V;10369661000142;07467822000126;2134;;;0;H;20161230
V;10369661000142;07467822000126;2134;;;0;H;20161231
V;10369661000142;07467822000126;2134;;;0;H;20170101
V;10369661000142;07467822000126;2134;;;0;H;20170102
V;10369661000142;07467822000126;2134;;;0;H;20170103
V;10369661000142;18459628008795;7892058113657;;;0;H;20161230
V;10369661000142;18459628008795;7892058113657;;;0;H;20161231
V;10369661000142;18459628008795;7892058113657;;;0;H;20170101
V;10369661000142;18459628008795;7892058113657;;;0;H;20170102
V;10369661000142;18459628008795;7892058113657;;;0;H;20170103
V;10369661000142;18459628008795;7892058111981;;;0;H;20161230
V;10369661000142;18459628008795;7892058111981;;;0;H;20161231
V;10369661000142;18459628008795;7892058111981;;;0;H;20170101
V;10369661000142;18459628008795;7892058111981;;;0;H;20170102
V;10369661000142;18459628008795;7892058111981;;;0;H;20170103
V;10369661000142;18459628008795;7892058109193;;;0;H;20161230
V;10369661000142;18459628008795;7892058109193;;;0;H;20161231
V;10369661000142;18459628008795;7892058109193;;;0;H;20170101
V;10369661000142;18459628008795;7892058109193;;;0;H;20170102
V;10369661000142;18459628008795;7892058109193;;;0;H;20170103
V;10369661000142;60744463001080;2189;;;0;H;20161230
V;10369661000142;60744463001080;2189;;;0;H;20161231
V;10369661000142;60744463001080;2189;;;0;H;20170101
V;10369661000142;60744463001080;2189;;;0;H;20170102
V;10369661000142;60744463001080;2189;;;0;H;20170103
V;10369661000142;08636452001300;2190;;;12;H;20161230
V;10369661000142;08636452001300;2190;;;12;H;20161231
V;10369661000142;08636452001300;2190;;;12;H;20170101
V;10369661000142;08636452001300;2190;;;12;H;20170102
V;10369661000142;08636452001300;2190;;;12;H;20170103
V;10369661000142;60744463001080;2193;;;0;H;20161230
V;10369661000142;60744463001080;2193;;;0;H;20161231
V;10369661000142;60744463001080;2193;;;0;H;20170101
V;10369661000142;60744463001080;2193;;;0;H;20170102
V;10369661000142;60744463001080;2193;;;0;H;20170103
V;10369661000142;67148692000271;2219;;;39;H;20161230
V;10369661000142;67148692000271;2219;;;39;H;20161231
V;10369661000142;67148692000271;2219;;;39;H;20170101
V;10369661000142;67148692000271;2219;;;39;H;20170102
V;10369661000142;67148692000271;2219;;;39;H;20170103
V;10369661000142;61142550000130;2246;;;120;H;20161230
V;10369661000142;61142550000130;2246;;;120;H;20161231
V;10369661000142;61142550000130;2246;;;120;H;20170101
V;10369661000142;61142550000130;2246;;;120;H;20170102
V;10369661000142;61142550000130;2246;;;120;H;20170103
V;10369661000142;01685057000134;2278;;;2;H;20161230
V;10369661000142;01685057000134;2278;;;2;H;20161231
V;10369661000142;01685057000134;2278;;;2;H;20170101
V;10369661000142;01685057000134;2278;;;2;H;20170102
V;10369661000142;01685057000134;2278;;;2;H;20170103
V;10369661000142;02492003000115;2280;;;0;H;20161230
V;10369661000142;02492003000115;2280;;;0;H;20161231
V;10369661000142;02492003000115;2280;;;0;H;20170101
V;10369661000142;02492003000115;2280;;;0;H;20170102
V;10369661000142;02492003000115;2280;;;0;H;20170103
V;10369661000142;61142550000130;2281;;;162;H;20161230
V;10369661000142;61142550000130;2281;;;162;H;20161231
V;10369661000142;61142550000130;2281;;;162;H;20170101
V;10369661000142;61142550000130;2281;;;162;H;20170102
V;10369661000142;61142550000130;2281;;;162;H;20170103
V;10369661000142;47180625002190;2285;;;0;H;20161230
V;10369661000142;47180625002190;2285;;;0;H;20161231
V;10369661000142;47180625002190;2285;;;0;H;20170101
V;10369661000142;47180625002190;2285;;;0;H;20170102
V;10369661000142;47180625002190;2285;;;0;H;20170103
V;10369661000142;61142550000130;2290;;;360;H;20161230
V;10369661000142;61142550000130;2290;;;360;H;20161231
V;10369661000142;61142550000130;2290;;;360;H;20170101
V;10369661000142;61142550000130;2290;;;360;H;20170102
V;10369661000142;61142550000130;2290;;;360;H;20170103
V;10369661000142;48539407000207;2299;;;192;H;20161230
V;10369661000142;48539407000207;2299;;;192;H;20161231
V;10369661000142;48539407000207;2299;;;192;H;20170101
V;10369661000142;48539407000207;2299;;;192;H;20170102
V;10369661000142;48539407000207;2299;;;192;H;20170103
V;10369661000142;48539407000207;2300;;;1760;H;20161230
V;10369661000142;48539407000207;2300;;;1760;H;20161231
V;10369661000142;48539407000207;2300;;;1760;H;20170101
V;10369661000142;48539407000207;2300;;;1760;H;20170102
V;10369661000142;48539407000207;2300;;;1760;H;20170103
V;10369661000142;42462952000177;2310;;;1;H;20161230
V;10369661000142;42462952000177;2310;;;1;H;20161231
V;10369661000142;42462952000177;2310;;;1;H;20170101
V;10369661000142;42462952000177;2310;;;1;H;20170102
V;10369661000142;42462952000177;2310;;;1;H;20170103
V;10369661000142;18459628008795;7892058112759;;;0;H;20161230
V;10369661000142;18459628008795;7892058112759;;;0;H;20161231
V;10369661000142;18459628008795;7892058112759;;;0;H;20170101
V;10369661000142;18459628008795;7892058112759;;;0;H;20170102
V;10369661000142;18459628008795;7892058112759;;;0;H;20170103
V;10369661000142;47180625002190;2348;;;0;H;20161230
V;10369661000142;47180625002190;2348;;;0;H;20161231
V;10369661000142;47180625002190;2348;;;0;H;20170101
V;10369661000142;47180625002190;2348;;;0;H;20170102
V;10369661000142;47180625002190;2348;;;0;H;20170103
V;10369661000142;61142550000130;2416;;;0;H;20161230
V;10369661000142;61142550000130;2416;;;0;H;20161231
V;10369661000142;61142550000130;2416;;;0;H;20170101
V;10369661000142;61142550000130;2416;;;0;H;20170102
V;10369661000142;61142550000130;2416;;;0;H;20170103
V;10369661000142;48539407000207;2432;;;0;H;20161230
V;10369661000142;48539407000207;2432;;;0;H;20161231
V;10369661000142;48539407000207;2432;;;0;H;20170101
V;10369661000142;48539407000207;2432;;;0;H;20170102
V;10369661000142;48539407000207;2432;;;0;H;20170103
V;10369661000142;10894410000187;2436;;;0;H;20161230
V;10369661000142;10894410000187;2436;;;0;H;20161231
V;10369661000142;10894410000187;2436;;;0;H;20170101
V;10369661000142;10894410000187;2436;;;0;H;20170102
V;10369661000142;10894410000187;2436;;;0;H;20170103
V;10369661000142;47180625002190;2480;;;0;H;20161230
V;10369661000142;47180625002190;2480;;;0;H;20161231
V;10369661000142;47180625002190;2480;;;0;H;20170101
V;10369661000142;47180625002190;2480;;;0;H;20170102
V;10369661000142;47180625002190;2480;;;0;H;20170103
V;10369661000142;07467822000126;2498;;;0;H;20161230
V;10369661000142;07467822000126;2498;;;0;H;20161231
V;10369661000142;07467822000126;2498;;;0;H;20170101
V;10369661000142;07467822000126;2498;;;0;H;20170102
V;10369661000142;07467822000126;2498;;;0;H;20170103
V;10369661000142;02290510001490;2499;;;103;H;20161230
V;10369661000142;02290510001490;2499;;;103;H;20161231
V;10369661000142;02290510001490;2499;;;103;H;20170101
V;10369661000142;02290510001490;2499;;;103;H;20170102
V;10369661000142;02290510001490;2499;;;103;H;20170103
V;10369661000142;01685057000134;2527;;;0;H;20161230
V;10369661000142;01685057000134;2527;;;0;H;20161231
V;10369661000142;01685057000134;2527;;;0;H;20170101
V;10369661000142;01685057000134;2527;;;0;H;20170102
V;10369661000142;01685057000134;2527;;;0;H;20170103
V;10369661000142;02290510000176;2602;;;0;H;20161230
V;10369661000142;02290510000176;2602;;;0;H;20161231
V;10369661000142;02290510000176;2602;;;0;H;20170101
V;10369661000142;02290510000176;2602;;;0;H;20170102
V;10369661000142;02290510000176;2602;;;0;H;20170103
E
